bench-slot: slot acquired (/tmp/tessera-bench.slot.lock)
bench-slot: loadavg 1.33 — starting
bundle: data/bench-fixtures/1e9
grant mode: random (bench GrantShape::Random, default) (w=10), reps=15, max_tiles=131072

       shape  zoom     tiles   rows_in_rng    serial_ns       par_ns   ratio  winner  ns/tile
--------------------------------------------------------------------------------------------------------
CSV,shape,zoom,tiles,rows,serial_p50_ns,par_p50_ns,ratio,serial_p10_ns,par_p10_ns
     f100/z2     2        16    1000000000      1816957      1588075    0.87     PAR 113559.8
CSV,f100/z2,2,16,1000000000,1816957,1588075,0.8740,1454955,1410976
     f100/z3     3        64    1000000000      1884563      1373154    0.73     PAR  29446.3
CSV,f100/z3,3,64,1000000000,1884563,1373154,0.7286,1701629,1253698
     f100/z4     4       256    1000000000      2514042      1863477    0.74     PAR   9820.5
CSV,f100/z4,4,256,1000000000,2514042,1863477,0.7412,2234473,1521274
     f100/z5     5      1024    1000000000      4594015      3334491    0.73     PAR   4486.3
CSV,f100/z5,5,1024,1000000000,4594015,3334491,0.7258,3441422,2760710
     f100/z6     6      4096    1000000000     10910456      9057407    0.83     PAR   2663.7
CSV,f100/z6,6,4096,1000000000,10910456,9057407,0.8302,10147740,8549950
     f100/z7     7     16384    1000000000     24739298     21219980    0.86     PAR   1510.0
CSV,f100/z7,7,16384,1000000000,24739298,21219980,0.8577,24302857,20783448
     f100/z8     8     65536    1000000000     63041700     55536723    0.88     PAR    961.9
CSV,f100/z8,8,65536,1000000000,63041700,55536723,0.8810,61949933,54576663
      f35/z4     4        36     130921716       121869       470551    3.86  SERIAL   3385.2
CSV,f35/z4,4,36,130921716,121869,470551,3.8611,116797,340675
      f35/z5     5       144     130921716       194411       968711    4.98  SERIAL   1350.1
CSV,f35/z5,5,144,130921716,194411,968711,4.9828,187251,673710
      f35/z6     6       529     119228691       375182      1227457    3.27  SERIAL    709.2
CSV,f35/z6,6,529,119228691,375182,1227457,3.2716,363610,660979
      f35/z7     7      2116     119228691      1029730      1341879    1.30  SERIAL    486.6
CSV,f35/z7,7,2116,119228691,1029730,1341879,1.3031,853282,948362
      f35/z8     8      8281     116341774      6281047      6060365    0.96     PAR    758.5
CSV,f35/z8,8,8281,116341774,6281047,6060365,0.9649,5200393,4730492
      f35/z9     9     33124     116341774     18789311     16819540    0.90     PAR    567.2
CSV,f35/z9,9,33124,116341774,18789311,16819540,0.8952,18010749,16032478
     f35/z10    10    131769   (skipped: above --max-tiles)
      f12/z5     5        25      55271147       131042       260323    1.99  SERIAL   5241.7
CSV,f12/z5,5,25,55271147,131042,260323,1.9866,118472,211396
      f12/z6     6        81      50666908       196868       704872    3.58  SERIAL   2430.5
CSV,f12/z6,6,81,50666908,196868,704872,3.5804,181482,615306
      f12/z7     7       289      47499950       308271       807635    2.62  SERIAL   1066.7
CSV,f12/z7,7,289,47499950,308271,807635,2.6199,294503,529449
      f12/z8     8      1089      45823237       620826      1253122    2.02  SERIAL    570.1
CSV,f12/z8,8,1089,45823237,620826,1253122,2.0185,537078,732313
      f12/z9     9      4225      44925702      1543183      1411307    0.91     PAR    365.3
CSV,f12/z9,9,4225,44925702,1543183,1411307,0.9145,1303694,1252864
     f12/z10    10     16641      44476381      8904322      8011629    0.90     PAR    535.1
CSV,f12/z10,10,16641,44476381,8904322,8011629,0.8997,8495471,7383015
     f12/z11    11     66049      44248829     19737930     14896823    0.75     PAR    298.8
CSV,f12/z11,11,66049,44248829,19737930,14896823,0.7547,19082434,14109859
      f04/z7     7        36      10194770        24769       362134   14.62  SERIAL    688.0
CSV,f04/z7,7,36,10194770,24769,362134,14.6205,23271,339407
      f04/z8     8       144      10194770        60608       901064   14.87  SERIAL    420.9
CSV,f04/z8,8,144,10194770,60608,901064,14.8671,51175,459830
      f04/z9     9       529       9432020       160961       528357    3.28  SERIAL    304.3
CSV,f04/z9,9,529,9432020,160961,528357,3.2825,125330,387693
     f04/z10    10      2116       9432020       418290       831448    1.99  SERIAL    197.7
CSV,f04/z10,10,2116,9432020,418290,831448,1.9877,370450,657270
     f04/z11    11      8281       9256482      1507299      1447000    0.96     PAR    182.0
CSV,f04/z11,11,8281,9256482,1507299,1447000,0.9600,1197607,1175479
     f04/z12    12     32761       9172370      4869327      3366630    0.69     PAR    148.6
CSV,f04/z12,12,32761,9172370,4869327,3366630,0.6914,4638891,3057555
      f01/z8     8        25       3489335        14286       208690   14.61  SERIAL    571.4
CSV,f01/z8,8,25,3489335,14286,208690,14.6080,13408,179362
      f01/z9     9        81       3410665        25796       673689   26.12  SERIAL    318.5
CSV,f01/z9,9,81,3410665,25796,673689,26.1160,23970,567830
     f01/z10    10       289       3374745        58562       923935   15.78  SERIAL    202.6
CSV,f01/z10,10,289,3374745,58562,923935,15.7770,56725,387696
     f01/z11    11      1089       3357292       153144       641562    4.19  SERIAL    140.6
CSV,f01/z11,11,1089,3357292,153144,641562,4.1893,147014,458942
     f01/z12    12      4225       3349145       659996       725292    1.10  SERIAL    156.2
CSV,f01/z12,12,4225,3349145,659996,725292,1.0989,533887,603675
     f01/z13    13     16641       3344982      2378632      1599793    0.67     PAR    142.9
CSV,f01/z13,13,16641,3344982,2378632,1599793,0.6726,2177628,1498061
  natural/z6     6       289      82938003       277675      1019853    3.67  SERIAL    960.8
CSV,natural/z6,6,289,82938003,277675,1019853,3.6728,267463,481784
  natural/z8     8       289      18728780       251629       981570    3.90  SERIAL    870.7
CSV,natural/z8,8,289,18728780,251629,981570,3.9009,229576,634608
 natural/z10    10       289       3374745        58312      1003094   17.20  SERIAL    201.8
CSV,natural/z10,10,289,3374745,58312,1003094,17.2022,55377,570995
bench-slot: released (exit 0)
