bench-slot: slot acquired (/tmp/tessera-bench.slot.lock)
bench-slot: loadavg 2.56 >= 2.0, waiting 30s
bench-slot: loadavg 2.44 >= 2.0, waiting 30s
bench-slot: loadavg 2.35 >= 2.0, waiting 30s
bench-slot: loadavg 2.02 >= 2.0, waiting 30s
bench-slot: loadavg 2.03 >= 2.0, waiting 30s
bench-slot: loadavg 1.61 — starting
bundle: data/bench-fixtures/1e9
grant mode: spread (deterministic, --sparse) (w=10), reps=15, max_tiles=131072

       shape  zoom     tiles   rows_in_rng    serial_ns       par_ns   ratio  winner  ns/tile
--------------------------------------------------------------------------------------------------------
CSV,shape,zoom,tiles,rows,serial_p50_ns,par_p50_ns,ratio,serial_p10_ns,par_p10_ns
     f100/z2     2        16    1000000000      2970922      2242842    0.75     PAR 185682.6
CSV,f100/z2,2,16,1000000000,2970922,2242842,0.7549,2556965,1933576
     f100/z3     3        64    1000000000      4138050      2670446    0.65     PAR  64657.0
CSV,f100/z3,3,64,1000000000,4138050,2670446,0.6453,3379583,1947979
     f100/z4     4       256    1000000000      4507080      2300433    0.51     PAR  17605.8
CSV,f100/z4,4,256,1000000000,4507080,2300433,0.5104,4018358,1860004
     f100/z5     5      1024    1000000000      7294751      4047786    0.55     PAR   7123.8
CSV,f100/z5,5,1024,1000000000,7294751,4047786,0.5549,6577126,3615442
     f100/z6     6      4096    1000000000     14628109      9575894    0.65     PAR   3571.3
CSV,f100/z6,6,4096,1000000000,14628109,9575894,0.6546,14293673,9160093
     f100/z7     7     16384    1000000000     34565764     22776801    0.66     PAR   2109.7
CSV,f100/z7,7,16384,1000000000,34565764,22776801,0.6589,33815270,22183842
     f100/z8     8     65536    1000000000     76779347     59172543    0.77     PAR   1171.6
CSV,f100/z8,8,65536,1000000000,76779347,59172543,0.7707,76035339,58301236
      f35/z4     4        36     130921716       279215       571059    2.05  SERIAL   7756.0
CSV,f35/z4,4,36,130921716,279215,571059,2.0452,268987,546161
      f35/z5     5       144     130921716       444126      1069603    2.41  SERIAL   3084.2
CSV,f35/z5,5,144,130921716,444126,1069603,2.4083,434769,762000
      f35/z6     6       529     119228691       809414      1334131    1.65  SERIAL   1530.1
CSV,f35/z6,6,529,119228691,809414,1334131,1.6483,776690,945445
      f35/z7     7      2116     119228691      2268756      1828042    0.81     PAR   1072.2
CSV,f35/z7,7,2116,119228691,2268756,1828042,0.8057,1887576,1543247
      f35/z8     8      8281     116341774      8139771      6717081    0.83     PAR    982.9
CSV,f35/z8,8,8281,116341774,8139771,6717081,0.8252,6814154,4888549
      f35/z9     9     33124     116341774     23333743     17668903    0.76     PAR    704.4
CSV,f35/z9,9,33124,116341774,23333743,17668903,0.7572,22977807,16930977
     f35/z10    10    131769   (skipped: above --max-tiles)
      f12/z5     5        25      55271147        24080       211657    8.79  SERIAL    963.2
CSV,f12/z5,5,25,55271147,24080,211657,8.7897,23360,204524
      f12/z6     6        81      50666908        49862       668091   13.40  SERIAL    615.6
CSV,f12/z6,6,81,50666908,49862,668091,13.3988,48881,569581
      f12/z7     7       289      47499950       119342       935216    7.84  SERIAL    412.9
CSV,f12/z7,7,289,47499950,119342,935216,7.8364,117111,705026
      f12/z8     8      1089      45823237       328322      1447946    4.41  SERIAL    301.5
CSV,f12/z8,8,1089,45823237,328322,1447946,4.4101,317257,686558
      f12/z9     9      4225      44925702      1386641      1673085    1.21  SERIAL    328.2
CSV,f12/z9,9,4225,44925702,1386641,1673085,1.2066,1097315,1129600
     f12/z10    10     16641      44476381      8600645      8543131    0.99     PAR    516.8
CSV,f12/z10,10,16641,44476381,8600645,8543131,0.9933,8008738,7421375
     f12/z11    11     66049      44248829     17346660     14060854    0.81     PAR    262.6
CSV,f12/z11,11,66049,44248829,17346660,14060854,0.8106,16757602,13000643
      f04/z7     7        36      10194770        18863       350170   18.56  SERIAL    524.0
CSV,f04/z7,7,36,10194770,18863,350170,18.5639,17983,325375
      f04/z8     8       144      10194770        45787       959104   20.95  SERIAL    318.0
CSV,f04/z8,8,144,10194770,45787,959104,20.9471,44968,715681
      f04/z9     9       529       9432020       126682      1139064    8.99  SERIAL    239.5
CSV,f04/z9,9,529,9432020,126682,1139064,8.9915,117990,515378
     f04/z10    10      2116       9432020       385126       759071    1.97  SERIAL    182.0
CSV,f04/z10,10,2116,9432020,385126,759071,1.9710,360621,624938
     f04/z11    11      8281       9256482      1383835      1269164    0.92     PAR    167.1
CSV,f04/z11,11,8281,9256482,1383835,1269164,0.9171,1202163,1061185
     f04/z12    12     32761       9172370      5071311      4168816    0.82     PAR    154.8
CSV,f04/z12,12,32761,9172370,5071311,4168816,0.8220,4811497,3057270
      f01/z8     8        25       3489335        12252       182430   14.89  SERIAL    490.1
CSV,f01/z8,8,25,3489335,12252,182430,14.8898,11872,157596
      f01/z9     9        81       3410665        24214       680745   28.11  SERIAL    298.9
CSV,f01/z9,9,81,3410665,24214,680745,28.1137,23554,505775
     f01/z10    10       289       3374745        56760      1005934   17.72  SERIAL    196.4
CSV,f01/z10,10,289,3374745,56760,1005934,17.7226,54569,729944
     f01/z11    11      1089       3357292       174750      1372563    7.85  SERIAL    160.5
CSV,f01/z11,11,1089,3357292,174750,1372563,7.8544,150596,639057
     f01/z12    12      4225       3349145       575698       751838    1.31  SERIAL    136.3
CSV,f01/z12,12,4225,3349145,575698,751838,1.3060,544002,652491
     f01/z13    13     16641       3344982      2352050      1533169    0.65     PAR    141.3
CSV,f01/z13,13,16641,3344982,2352050,1533169,0.6518,2091576,1429278
  natural/z6     6       289      82938003       179130       995989    5.56  SERIAL    619.8
CSV,natural/z6,6,289,82938003,179130,995989,5.5601,171479,499521
  natural/z8     8       289      18728780        91876       918755   10.00  SERIAL    317.9
CSV,natural/z8,8,289,18728780,91876,918755,9.9999,90175,454330
 natural/z10    10       289       3374745        56219       997130   17.74  SERIAL    194.5
CSV,natural/z10,10,289,3374745,56219,997130,17.7365,54419,583634
bench-slot: released (exit 0)
