bench-slot: slot acquired (/tmp/tessera-bench.slot.lock)
bench-slot: loadavg 1.38 — starting
bundle: data/bench-fixtures/1e8
grant mode: random (bench GrantShape::Random, default) (w=10), reps=25, max_tiles=131072

       shape  zoom     tiles   rows_in_rng    serial_ns       par_ns   ratio  winner  ns/tile
--------------------------------------------------------------------------------------------------------
CSV,shape,zoom,tiles,rows,serial_p50_ns,par_p50_ns,ratio,serial_p10_ns,par_p10_ns
     f100/z2     2        16     100000000       716082       624608    0.87     PAR  44755.1
CSV,f100/z2,2,16,100000000,716082,624608,0.8723,622852,588998
     f100/z3     3        64     100000000       778863       876771    1.13  SERIAL  12169.7
CSV,f100/z3,3,64,100000000,778863,876771,1.1257,714998,766055
     f100/z4     4       256     100000000      1138550      1213735    1.07  SERIAL   4447.5
CSV,f100/z4,4,256,100000000,1138550,1213735,1.0660,956654,1023347
     f100/z5     5      1024     100000000      1890504      1428266    0.76     PAR   1846.2
CSV,f100/z5,5,1024,100000000,1890504,1428266,0.7555,1554704,1225811
     f100/z6     6      4096     100000000      4100660      2644031    0.64     PAR   1001.1
CSV,f100/z6,6,4096,100000000,4100660,2644031,0.6448,3162582,1925073
     f100/z7     7     16384     100000000      7786282      5701431    0.73     PAR    475.2
CSV,f100/z7,7,16384,100000000,7786282,5701431,0.7322,6897271,4714385
     f100/z8     8     65536     100000000     23711457     18059101    0.76     PAR    361.8
CSV,f100/z8,8,65536,100000000,23711457,18059101,0.7616,23369864,17472460
      f35/z4     4        36      14166858       209049       374507    1.79  SERIAL   5806.9
CSV,f35/z4,4,36,14166858,209049,374507,1.7915,204428,347139
      f35/z5     5       144      14166858       250208       927140    3.71  SERIAL   1737.6
CSV,f35/z5,5,144,14166858,250208,927140,3.7055,241648,554825
      f35/z6     6       529      11807967       387185       914747    2.36  SERIAL    731.9
CSV,f35/z6,6,529,11807967,387185,914747,2.3626,371037,648800
      f35/z7     7      2116      11807967       608012       885948    1.46  SERIAL    287.3
CSV,f35/z7,7,2116,11807967,608012,885948,1.4571,533324,578442
      f35/z8     8      8281      11262323      1557250      1322971    0.85     PAR    188.1
CSV,f35/z8,8,8281,11262323,1557250,1322971,0.8496,1408074,1041599
      f35/z9     9     33124      11262323      5481416      3603161    0.66     PAR    165.5
CSV,f35/z9,9,33124,11262323,5481416,3603161,0.6573,4991137,2962427
     f35/z10    10    131769   (skipped: above --max-tiles)
      f12/z5     5        25       8580813       227105       299770    1.32  SERIAL   9084.2
CSV,f12/z5,5,25,8580813,227105,299770,1.3200,217456,285894
      f12/z6     6        81       7614869       318966       671434    2.11  SERIAL   3937.9
CSV,f12/z6,6,81,7614869,318966,671434,2.1050,305691,552721
      f12/z7     7       289       7286178       353641       980463    2.77  SERIAL   1223.7
CSV,f12/z7,7,289,7286178,353641,980463,2.7725,320388,515441
      f12/z8     8      1089       7234203       616572       860648    1.40  SERIAL    566.2
CSV,f12/z8,8,1089,7234203,616572,860648,1.3959,546571,554678
      f12/z9     9      4225       7196581      1384486      1033269    0.75     PAR    327.7
CSV,f12/z9,9,4225,7196581,1384486,1033269,0.7463,1207155,811816
     f12/z10    10     16641       7172473      4177003      2449126    0.59     PAR    251.0
CSV,f12/z10,10,16641,7172473,4177003,2449126,0.5863,3672911,1991821
     f12/z11    11     66049       7159344     11891716      6165948    0.52     PAR    180.0
CSV,f12/z11,11,66049,7159344,11891716,6165948,0.5185,11448168,5680230
      f04/z7     7        36       2422486        76303       414765    5.44  SERIAL   2119.5
CSV,f04/z7,7,36,2422486,76303,414765,5.4358,75481,351627
      f04/z8     8       144       2422486        90589       947194   10.46  SERIAL    629.1
CSV,f04/z8,8,144,2422486,90589,947194,10.4559,87423,763848
      f04/z9     9       529       2422486       127239      1068999    8.40  SERIAL    240.5
CSV,f04/z9,9,529,2422486,127239,1068999,8.4015,122403,491634
     f04/z10    10      2116       2422486       319371       805378    2.52  SERIAL    150.9
CSV,f04/z10,10,2116,2422486,319371,805378,2.5218,267568,498489
     f04/z11    11      8281       2422486      1210119       866061    0.72     PAR    146.1
CSV,f04/z11,11,8281,2422486,1210119,866061,0.7157,818555,741226
     f04/z12    12     32761       2422486      3517527      2289513    0.65     PAR    107.4
CSV,f04/z12,12,32761,2422486,3517527,2289513,0.6509,3271279,2097682
      f01/z8     8        25       2422320        77789       170221    2.19  SERIAL   3111.6
CSV,f01/z8,8,25,2422320,77789,170221,2.1882,74786,159555
      f01/z9     9        81       2421348        87944       647025    7.36  SERIAL   1085.7
CSV,f01/z9,9,81,2421348,87944,647025,7.3572,85991,564873
     f01/z10    10       289       2420948       113240      1109557    9.80  SERIAL    391.8
CSV,f01/z10,10,289,2420948,113240,1109557,9.7983,109083,638682
     f01/z11    11      1089       2420854       194665       734416    3.77  SERIAL    178.8
CSV,f01/z11,11,1089,2420854,194665,734416,3.7727,179333,460911
     f01/z12    12      4225       2420839       551309       661134    1.20  SERIAL    130.5
CSV,f01/z12,12,4225,2420839,551309,661134,1.1992,478405,577406
     f01/z13    13     16641       2420837      1858415      1374121    0.74     PAR    111.7
CSV,f01/z13,13,16641,2420837,1858415,1374121,0.7394,1681705,1274570
  natural/z6     6       289       9717466       356904      1003175    2.81  SERIAL   1235.0
CSV,natural/z6,6,289,9717466,356904,1003175,2.8108,336555,721619
  natural/z8     8       289       2422510       104107       967687    9.30  SERIAL    360.2
CSV,natural/z8,8,289,2422510,104107,967687,9.2951,99961,556027
 natural/z10    10       289       2420948       116013       913322    7.87  SERIAL    401.4
CSV,natural/z10,10,289,2420948,116013,913322,7.8726,110797,530478
bench-slot: released (exit 0)
