bench-slot: slot acquired (/tmp/tessera-bench.slot.lock)
bench-slot: loadavg 2.20 >= 2.0, waiting 30s
bench-slot: loadavg 2.25 >= 2.0, waiting 30s
bench-slot: loadavg 2.14 >= 2.0, waiting 30s
bench-slot: loadavg 1.59 — starting
bundle: data/bench-fixtures/1e8
grant mode: spread (deterministic, --sparse) (w=10), reps=25, max_tiles=131072

       shape  zoom     tiles   rows_in_rng    serial_ns       par_ns   ratio  winner  ns/tile
--------------------------------------------------------------------------------------------------------
CSV,shape,zoom,tiles,rows,serial_p50_ns,par_p50_ns,ratio,serial_p10_ns,par_p10_ns
     f100/z2     2        16     100000000      2715271      2364676    0.87     PAR 169704.4
CSV,f100/z2,2,16,100000000,2715271,2364676,0.8709,2469094,2118177
     f100/z3     3        64     100000000      2986850      1672531    0.56     PAR  46669.5
CSV,f100/z3,3,64,100000000,2986850,1672531,0.5600,2838560,1366665
     f100/z4     4       256     100000000      3597071      1846541    0.51     PAR  14051.1
CSV,f100/z4,4,256,100000000,3597071,1846541,0.5133,3404500,1668308
     f100/z5     5      1024     100000000      4867467      2469791    0.51     PAR   4753.4
CSV,f100/z5,5,1024,100000000,4867467,2469791,0.5074,4655216,2189809
     f100/z6     6      4096     100000000      8755122      4992063    0.57     PAR   2137.5
CSV,f100/z6,6,4096,100000000,8755122,4992063,0.5702,8277419,4117082
     f100/z7     7     16384     100000000     17966387      9266776    0.52     PAR   1096.6
CSV,f100/z7,7,16384,100000000,17966387,9266776,0.5158,17584399,8807119
     f100/z8     8     65536     100000000     37405060     20495723    0.55     PAR    570.8
CSV,f100/z8,8,65536,100000000,37405060,20495723,0.5479,36321291,19898743
      f35/z4     4        36      14166858       192466       502473    2.61  SERIAL   5346.3
CSV,f35/z4,4,36,14166858,192466,502473,2.6107,180420,484022
      f35/z5     5       144      14166858       300850       932957    3.10  SERIAL   2089.2
CSV,f35/z5,5,144,14166858,300850,932957,3.1011,289768,521685
      f35/z6     6       529      11807967       595467      1100227    1.85  SERIAL   1125.6
CSV,f35/z6,6,529,11807967,595467,1100227,1.8477,549231,883188
      f35/z7     7      2116      11807967      1466698      1388439    0.95     PAR    693.1
CSV,f35/z7,7,2116,11807967,1466698,1388439,0.9466,1368121,878820
      f35/z8     8      8281      11262323      4325796      2297420    0.53     PAR    522.4
CSV,f35/z8,8,8281,11262323,4325796,2297420,0.5311,3978284,1765973
      f35/z9     9     33124      11262323     12250278      5208688    0.43     PAR    369.8
CSV,f35/z9,9,33124,11262323,12250278,5208688,0.4252,11168063,4573146
     f35/z10    10    131769   (skipped: above --max-tiles)
      f12/z5     5        25       8580813        12911       188268   14.58  SERIAL    516.4
CSV,f12/z5,5,25,8580813,12911,188268,14.5820,10072,153240
      f12/z6     6        81       7614869        21377       639248   29.90  SERIAL    263.9
CSV,f12/z6,6,81,7614869,21377,639248,29.9035,19602,528598
      f12/z7     7       289       7286178        56418       996645   17.67  SERIAL    195.2
CSV,f12/z7,7,289,7286178,56418,996645,17.6654,44961,568481
      f12/z8     8      1089       7234203       142227       880511    6.19  SERIAL    130.6
CSV,f12/z8,8,1089,7234203,142227,880511,6.1909,135576,468021
      f12/z9     9      4225       7196581       658196       787895    1.20  SERIAL    155.8
CSV,f12/z9,9,4225,7196581,658196,787895,1.1971,469033,650915
     f12/z10    10     16641       7172473      2587167      2564164    0.99     PAR    155.5
CSV,f12/z10,10,16641,7172473,2587167,2564164,0.9911,2017347,1595743
     f12/z11    11     66049       7159344      8582898      6083028    0.71     PAR    129.9
CSV,f12/z11,11,66049,7159344,8582898,6083028,0.7087,8196099,5244515
      f04/z7     7        36       2422486         8331       317649   38.13  SERIAL    231.4
CSV,f04/z7,7,36,2422486,8331,317649,38.1286,7328,258707
      f04/z8     8       144       2422486        18748       771080   41.13  SERIAL    130.2
CSV,f04/z8,8,144,2422486,18748,771080,41.1287,16813,181552
      f04/z9     9       529       2422486        51641       890305   17.24  SERIAL     97.6
CSV,f04/z9,9,529,2422486,51641,890305,17.2403,48403,364416
     f04/z10    10      2116       2422486       220762       533608    2.42  SERIAL    104.3
CSV,f04/z10,10,2116,2422486,220762,533608,2.4171,186343,461504
     f04/z11    11      8281       2422486      1075947       846072    0.79     PAR    129.9
CSV,f04/z11,11,8281,2422486,1075947,846072,0.7864,736122,751402
     f04/z12    12     32761       2422486      3254518      2291338    0.70     PAR     99.3
CSV,f04/z12,12,32761,2422486,3254518,2291338,0.7040,3118312,2126589
      f01/z8     8        25       2422320         7790       155575   19.97  SERIAL    311.6
CSV,f01/z8,8,25,2422320,7790,155575,19.9711,7359,122531
      f01/z9     9        81       2421348        14176       614484   43.35  SERIAL    175.0
CSV,f01/z9,9,81,2421348,14176,614484,43.3468,13445,420334
     f01/z10    10       289       2420948        34287       887079   25.87  SERIAL    118.6
CSV,f01/z10,10,289,2420948,34287,887079,25.8722,31741,398989
     f01/z11    11      1089       2420854       110571       614042    5.55  SERIAL    101.5
CSV,f01/z11,11,1089,2420854,110571,614042,5.5534,101408,387583
     f01/z12    12      4225       2420839       523141       705188    1.35  SERIAL    123.8
CSV,f01/z12,12,4225,2420839,523141,705188,1.3480,390342,604738
     f01/z13    13     16641       2420837      2024920      1410187    0.70     PAR    121.7
CSV,f01/z13,13,16641,2420837,2024920,1410187,0.6964,1588080,1275744
  natural/z6     6       289       9717466        67892       839149   12.36  SERIAL    234.9
CSV,natural/z6,6,289,9717466,67892,839149,12.3601,62849,423461
  natural/z8     8       289       2422510        32292       633532   19.62  SERIAL    111.7
CSV,natural/z8,8,289,2422510,32292,633532,19.6189,29485,336636
 natural/z10    10       289       2420948        34418       882308   25.64  SERIAL    119.1
CSV,natural/z10,10,289,2420948,34418,882308,25.6351,31891,441487
bench-slot: released (exit 0)
