bench-slot: slot acquired (/tmp/tessera-bench.slot.lock)
bench-slot: loadavg 1.47 — starting
bundle: /tmp/tessera-2m4
grant mode: spread (deterministic, --sparse) (w=10), reps=25, max_tiles=131072

       shape  zoom     tiles   rows_in_rng    serial_ns       par_ns   ratio  winner  ns/tile
--------------------------------------------------------------------------------------------------------
CSV,shape,zoom,tiles,rows,serial_p50_ns,par_p50_ns,ratio,serial_p10_ns,par_p10_ns
     f100/z2     2        16       2422486      1646361      1166523    0.71     PAR 102897.6
CSV,f100/z2,2,16,2422486,1646361,1166523,0.7085,1600507,1035570
     f100/z3     3        64       2422486      1994536      1096400    0.55     PAR  31164.6
CSV,f100/z3,3,64,2422486,1994536,1096400,0.5497,1924157,946477
     f100/z4     4       256       2422486      2880902      1397503    0.49     PAR  11253.5
CSV,f100/z4,4,256,2422486,2880902,1397503,0.4851,2664639,1227634
     f100/z5     5      1024       2422486      4883914      1735853    0.36     PAR   4769.4
CSV,f100/z5,5,1024,2422486,4883914,1735853,0.3554,4739224,1500303
     f100/z6     6      4096       2422486     10718951      3085576    0.29     PAR   2616.9
CSV,f100/z6,6,4096,2422486,10718951,3085576,0.2879,10136381,2511183
     f100/z7     7     16384       2422486     25062334      6131901    0.24     PAR   1529.7
CSV,f100/z7,7,16384,2422486,25062334,6131901,0.2447,24473309,5718811
     f100/z8     8     65536       2422486     56998972     17793337    0.31     PAR    869.7
CSV,f100/z8,8,65536,2422486,56998972,17793337,0.3122,55227630,15777994
      f35/z4     4        36        275603       338053       559153    1.65  SERIAL   9390.4
CSV,f35/z4,4,36,275603,338053,559153,1.6540,328526,538864
      f35/z5     5       144        275603       603159      1069862    1.77  SERIAL   4188.6
CSV,f35/z5,5,144,275603,603159,1069862,1.7738,563840,777375
      f35/z6     6       529        249405      1073393      1308756    1.22  SERIAL   2029.1
CSV,f35/z6,6,529,249405,1073393,1308756,1.2193,981678,1025010
      f35/z7     7      2116        249405      2499254      1699415    0.68     PAR   1181.1
CSV,f35/z7,7,2116,249405,2499254,1699415,0.6800,2337841,1174372
      f35/z8     8      8281        242221      5878390      1733519    0.29     PAR    709.9
CSV,f35/z8,8,8281,242221,5878390,1733519,0.2949,5682980,1591898
      f35/z9     9     33124        242221     16387495      4111830    0.25     PAR    494.7
CSV,f35/z9,9,33124,242221,16387495,4111830,0.2509,15816892,3817845
     f35/z10    10    131769   (skipped: above --max-tiles)
      f12/z5     5        25           125         7205       159479   22.13  SERIAL    288.2
CSV,f12/z5,5,25,125,7205,159479,22.1345,6743,103693
      f12/z6     6        81            43        10010       602983   60.24  SERIAL    123.6
CSV,f12/z6,6,81,43,10010,602983,60.2381,9828,493406
      f12/z7     7       289            43        26230       938054   35.76  SERIAL     90.8
CSV,f12/z7,7,289,43,26230,938054,35.7626,25536,710927
      f12/z8     8      1089            43        94900       799012    8.42  SERIAL     87.1
CSV,f12/z8,8,1089,43,94900,799012,8.4195,87403,406978
      f12/z9     9      4225            43       411154       584482    1.42  SERIAL     97.3
CSV,f12/z9,9,4225,43,411154,584482,1.4216,335128,530263
     f12/z10    10     16641            43      1984096      1294413    0.65     PAR    119.2
CSV,f12/z10,10,16641,43,1984096,1294413,0.6524,1499587,1204367
     f12/z11    11     66049            43      6595786      3988611    0.60     PAR     99.9
CSV,f12/z11,11,66049,43,6595786,3988611,0.6047,6302759,3772673
      f04/z7     7        36             0         6226       312343   50.17  SERIAL    172.9
CSV,f04/z7,7,36,0,6226,312343,50.1675,5855,280238
      f04/z8     8       144             0        15113       868358   57.46  SERIAL    105.0
CSV,f04/z8,8,144,0,15113,868358,57.4577,14601,443349
      f04/z9     9       529             0        47106       865497   18.37  SERIAL     89.0
CSV,f04/z9,9,529,0,47106,865497,18.3734,44154,373798
     f04/z10    10      2116             0       202373       770974    3.81  SERIAL     95.6
CSV,f04/z10,10,2116,0,202373,770974,3.8097,169607,489531
     f04/z11    11      8281             0      1141678       841366    0.74     PAR    137.9
CSV,f04/z11,11,8281,0,1141678,841366,0.7370,698762,762563
     f04/z12    12     32761             0      3356778      2206817    0.66     PAR    102.5
CSV,f04/z12,12,32761,0,3356778,2206817,0.6574,3083804,2118921
      f01/z8     8        25             0         4790       156332   32.64  SERIAL    191.6
CSV,f01/z8,8,25,0,4790,156332,32.6372,4579,64770
      f01/z9     9        81             0         9569       596597   62.35  SERIAL    118.1
CSV,f01/z9,9,81,0,9569,596597,62.3468,9439,533825
     f01/z10    10       289             0        26119       929222   35.58  SERIAL     90.4
CSV,f01/z10,10,289,0,26119,929222,35.5765,25527,688620
     f01/z11    11      1089             0        97948       861390    8.79  SERIAL     89.9
CSV,f01/z11,11,1089,0,97948,861390,8.7944,88459,428505
     f01/z12    12      4225             0       501158       638100    1.27  SERIAL    118.6
CSV,f01/z12,12,4225,0,501158,638100,1.2733,373427,559652
     f01/z13    13     16641             0      2043018      1508759    0.74     PAR    122.8
CSV,f01/z13,13,16641,0,2043018,1508759,0.7385,1545381,1279764
  natural/z6     6       289         27522       163953       735264    4.48  SERIAL    567.3
CSV,natural/z6,6,289,27522,163953,735264,4.4846,151250,385526
  natural/z8     8       289             0        26681       899048   33.70  SERIAL     92.3
CSV,natural/z8,8,289,0,26681,899048,33.6962,25466,347979
 natural/z10    10       289             0        26973       918052   34.04  SERIAL     93.3
CSV,natural/z10,10,289,0,26973,918052,34.0360,25617,480793
bench-slot: released (exit 0)
