bench-slot: slot acquired (/tmp/tessera-bench.slot.lock)
bench-slot: loadavg 3.29 >= 2.0, waiting 30s
bench-slot: loadavg 2.31 >= 2.0, waiting 30s
bench-slot: loadavg 1.53 — starting
bundle: /tmp/tessera-2m4
grant mode: random (bench GrantShape::Random, default) (w=10), reps=25, max_tiles=131072

       shape  zoom     tiles   rows_in_rng    serial_ns       par_ns   ratio  winner  ns/tile
--------------------------------------------------------------------------------------------------------
CSV,shape,zoom,tiles,rows,serial_p50_ns,par_p50_ns,ratio,serial_p10_ns,par_p10_ns
     f100/z2     2        16       2422486      1114059       721606    0.65     PAR  69628.7
CSV,f100/z2,2,16,2422486,1114059,721606,0.6477,1008971,675842
     f100/z3     3        64       2422486      1200060       863292    0.72     PAR  18750.9
CSV,f100/z3,3,64,2422486,1200060,863292,0.7194,1175236,780009
     f100/z4     4       256       2422486      1906951      1161637    0.61     PAR   7449.0
CSV,f100/z4,4,256,2422486,1906951,1161637,0.6092,1622866,978372
     f100/z5     5      1024       2422486      3041789      1443981    0.47     PAR   2970.5
CSV,f100/z5,5,1024,2422486,3041789,1443981,0.4747,2906988,1213491
     f100/z6     6      4096       2422486      6943024      2497540    0.36     PAR   1695.1
CSV,f100/z6,6,4096,2422486,6943024,2497540,0.3597,6423833,2032363
     f100/z7     7     16384       2422486     17247286      5064871    0.29     PAR   1052.7
CSV,f100/z7,7,16384,2422486,17247286,5064871,0.2937,16508737,4315731
     f100/z8     8     65536       2422486     40738719     10269463    0.25     PAR    621.6
CSV,f100/z8,8,65536,2422486,40738719,10269463,0.2521,39328711,9483946
      f35/z4     4        36        275603        46545       403432    8.67  SERIAL   1292.9
CSV,f35/z4,4,36,275603,46545,403432,8.6676,41380,373082
      f35/z5     5       144        275603        97466       924103    9.48  SERIAL    676.8
CSV,f35/z5,5,144,275603,97466,924103,9.4813,89604,610629
      f35/z6     6       529        249405       150160       832720    5.55  SERIAL    283.9
CSV,f35/z6,6,529,249405,150160,832720,5.5456,139161,408253
      f35/z7     7      2116        249405       375728       617785    1.64  SERIAL    177.6
CSV,f35/z7,7,2116,249405,375728,617785,1.6442,344411,484233
      f35/z8     8      8281        242221      1307502       917425    0.70     PAR    157.9
CSV,f35/z8,8,8281,242221,1307502,917425,0.7017,1000460,824443
      f35/z9     9     33124        242221      3825544      2351794    0.61     PAR    115.5
CSV,f35/z9,9,33124,242221,3825544,2351794,0.6148,3576556,2293627
     f35/z10    10    131769   (skipped: above --max-tiles)
      f12/z5     5        25           125         7153       167800   23.46  SERIAL    286.1
CSV,f12/z5,5,25,125,7153,167800,23.4587,6173,99697
      f12/z6     6        81            43        10428       590080   56.59  SERIAL    128.7
CSV,f12/z6,6,81,43,10428,590080,56.5861,9789,497108
      f12/z7     7       289            43        26951       818534   30.37  SERIAL     93.3
CSV,f12/z7,7,289,43,26951,818534,30.3712,25293,461496
      f12/z8     8      1089            43        94489       548490    5.80  SERIAL     86.8
CSV,f12/z8,8,1089,43,94489,548490,5.8048,86028,421507
      f12/z9     9      4225            43       372632       583375    1.57  SERIAL     88.2
CSV,f12/z9,9,4225,43,372632,583375,1.5656,336300,533399
     f12/z10    10     16641            43      1692660      1381265    0.82     PAR    101.7
CSV,f12/z10,10,16641,43,1692660,1381265,0.8160,1464794,1212565
     f12/z11    11     66049            43      6596929      3962692    0.60     PAR     99.9
CSV,f12/z11,11,66049,43,6596929,3962692,0.6007,6305068,3794102
      f04/z7     7        36             0         6264       332495   53.08  SERIAL    174.0
CSV,f04/z7,7,36,0,6264,332495,53.0803,5984,288501
      f04/z8     8       144             0        15463       890544   57.59  SERIAL    107.4
CSV,f04/z8,8,144,0,15463,890544,57.5919,14564,414716
      f04/z9     9       529             0        46430       880996   18.97  SERIAL     87.8
CSV,f04/z9,9,529,0,46430,880996,18.9747,43324,373250
     f04/z10    10      2116             0       208425       531975    2.55  SERIAL     98.5
CSV,f04/z10,10,2116,0,208425,531975,2.5524,168368,446546
     f04/z11    11      8281             0       870219       783573    0.90     PAR    105.1
CSV,f04/z11,11,8281,0,870219,783573,0.9004,717743,704478
     f04/z12    12     32761             0      3193677      2201397    0.69     PAR     97.5
CSV,f04/z12,12,32761,0,3193677,2201397,0.6893,3071033,2075048
      f01/z8     8        25             0         5674       206978   36.48  SERIAL    227.0
CSV,f01/z8,8,25,0,5674,206978,36.4783,5244,128588
      f01/z9     9        81             0         9549       549834   57.58  SERIAL    117.9
CSV,f01/z9,9,81,0,9549,549834,57.5803,9409,479178
     f01/z10    10       289             0        25810       939024   36.38  SERIAL     89.3
CSV,f01/z10,10,289,0,25810,939024,36.3822,25191,545137
     f01/z11    11      1089             0        92611       854973    9.23  SERIAL     85.0
CSV,f01/z11,11,1089,0,92611,854973,9.2319,86917,401277
     f01/z12    12      4225             0       476778       614598    1.29  SERIAL    112.8
CSV,f01/z12,12,4225,0,476778,614598,1.2891,368366,541421
     f01/z13    13     16641             0      2015766      1378885    0.68     PAR    121.1
CSV,f01/z13,13,16641,0,2015766,1378885,0.6841,1584964,1256310
  natural/z6     6       289         27522        54366       609565   11.21  SERIAL    188.1
CSV,natural/z6,6,289,27522,54366,609565,11.2122,44897,283438
  natural/z8     8       289             0        26399       699781   26.51  SERIAL     91.3
CSV,natural/z8,8,289,0,26399,699781,26.5079,25160,314979
 natural/z10    10       289             0        26599       863070   32.45  SERIAL     92.0
CSV,natural/z10,10,289,0,26599,863070,32.4475,25480,320844
bench-slot: released (exit 0)
