bundle: /tmp/tessera-bench/fixtures/2422486/categories-archive
grant mode: random (bench GrantShape::Random, default) (w=10), dictionary=38, reps=25, max_tiles=131072

grant contiguity (universe 2422486 rows): entity-space card=1158985 cov=47.8428% containers=25 run_ratio=16791.505 | row-space card=1158985 cov=47.8428% containers=37 run_ratio=5.230
GRANT,2422486,1158985,25,16791.505210,1158985,37,5.229596,21|34|25|29|11|27|4|2|6|17

       shape  zoom     tiles   rows_in_rng    serial_ns       par_ns   ratio  winner  ns/tile
--------------------------------------------------------------------------------------------------------
CSV,shape,zoom,tiles,rows,serial_p50_ns,par_p50_ns,ratio,serial_p10_ns,par_p10_ns
     f100/z2     2        16       2422486      2544510      1516043    0.60     PAR 159031.9
CSV,f100/z2,2,16,2422486,2544510,1516043,0.5958,2416046,1473732
     f100/z3     3        64       2422486      2621691      1220323    0.47     PAR  40963.9
CSV,f100/z3,3,64,2422486,2621691,1220323,0.4655,2476728,1132597
     f100/z4     4       256       2422486      3087607      1176207    0.38     PAR  12061.0
CSV,f100/z4,4,256,2422486,3087607,1176207,0.3809,2891024,1053995
     f100/z5     5      1024       2422486      4822168      1526180    0.32     PAR   4709.1
CSV,f100/z5,5,1024,2422486,4822168,1526180,0.3165,4731017,1428457
     f100/z6     6      4096       2422486      9672356      2661811    0.28     PAR   2361.4
CSV,f100/z6,6,4096,2422486,9672356,2661811,0.2752,9318192,2467457
     f100/z7     7     16384       2422486     22913882      5355057    0.23     PAR   1398.6
CSV,f100/z7,7,16384,2422486,22913882,5355057,0.2337,22519282,4774657
     f100/z8     8     65536       2422486     55137917     11985335    0.22     PAR    841.3
CSV,f100/z8,8,65536,2422486,55137917,11985335,0.2174,54763309,11268459
      f35/z4     4        36        275603       449311       611389    1.36  SERIAL  12480.9
CSV,f35/z4,4,36,275603,449311,611389,1.3607,437460,587593
      f35/z5     5       144        275603       709867      1022174    1.44  SERIAL   4929.6
CSV,f35/z5,5,144,275603,709867,1022174,1.4400,702267,817919
      f35/z6     6       529        249405      1246610      1145367    0.92     PAR   2356.5
CSV,f35/z6,6,529,249405,1246610,1145367,0.9188,1215239,994122
      f35/z7     7      2116        249405      2976220      1645829    0.55     PAR   1406.5
CSV,f35/z7,7,2116,249405,2976220,1645829,0.5530,2783975,1375411
      f35/z8     8      8281        242221      6958102      2677531    0.38     PAR    840.2
CSV,f35/z8,8,8281,242221,6958102,2677531,0.3848,6826210,2412486
      f35/z9     9     33124        242221     18380428      5650723    0.31     PAR    554.9
CSV,f35/z9,9,33124,242221,18380428,5650723,0.3074,18059260,4487555
     f35/z10    10    131769   (skipped: above --max-tiles)
      f12/z5     5        25           125         7350       156152   21.25  SERIAL    294.0
CSV,f12/z5,5,25,125,7350,156152,21.2452,6060,137812
      f12/z6     6        81            43         9640       578618   60.02  SERIAL    119.0
CSV,f12/z6,6,81,43,9640,578618,60.0226,9490,515308
      f12/z7     7       289            43        26341      1014905   38.53  SERIAL     91.1
CSV,f12/z7,7,289,43,26341,1014905,38.5295,25070,573214
      f12/z8     8      1089            43        86301       868406   10.06  SERIAL     79.2
CSV,f12/z8,8,1089,43,86301,868406,10.0625,84481,413026
      f12/z9     9      4225            43       362696       593555    1.64  SERIAL     85.8
CSV,f12/z9,9,4225,43,362696,593555,1.6365,342685,507644
     f12/z10    10     16641            43      1887469      1230889    0.65     PAR    113.4
CSV,f12/z10,10,16641,43,1887469,1230889,0.6521,1512404,1165748
     f12/z11    11     66049            43      6316813      3816453    0.60     PAR     95.6
CSV,f12/z11,11,66049,43,6316813,3816453,0.6042,6105231,3693925
      f04/z7     7        36             0         5970       311234   52.13  SERIAL    165.8
CSV,f04/z7,7,36,0,5970,311234,52.1330,5380,275385
      f04/z8     8       144             0        14250       868359   60.94  SERIAL     99.0
CSV,f04/z8,8,144,0,14250,868359,60.9375,14081,666231
      f04/z9     9       529             0        43580      1084488   24.88  SERIAL     82.4
CSV,f04/z9,9,529,0,43580,1084488,24.8850,42440,455737
     f04/z10    10      2116             0       189243       598059    3.16  SERIAL     89.4
CSV,f04/z10,10,2116,0,189243,598059,3.1603,165562,432587
     f04/z11    11      8281             0      1014996       771581    0.76     PAR    122.6
CSV,f04/z11,11,8281,0,1014996,771581,0.7602,716111,710030
     f04/z12    12     32761             0      3229800      2118824    0.66     PAR     98.6
CSV,f04/z12,12,32761,0,3229800,2118824,0.6560,3039238,2026151
      f01/z8     8        25             0         4450       140313   31.53  SERIAL    178.0
CSV,f01/z8,8,25,0,4450,140313,31.5310,4360,57651
      f01/z9     9        81             0         9460       595422   62.94  SERIAL    116.8
CSV,f01/z9,9,81,0,9460,595422,62.9410,9170,467562
     f01/z10    10       289             0        25961      1004078   38.68  SERIAL     89.8
CSV,f01/z10,10,289,0,25961,1004078,38.6764,24940,572794
     f01/z11    11      1089             0        93591      1005274   10.74  SERIAL     85.9
CSV,f01/z11,11,1089,0,93591,1005274,10.7411,86441,467336
     f01/z12    12      4225             0       502658       679041    1.35  SERIAL    119.0
CSV,f01/z12,12,4225,0,502658,679041,1.3509,353565,521593
     f01/z13    13     16641             0      2011326      1363197    0.68     PAR    120.9
CSV,f01/z13,13,16641,0,2011326,1363197,0.6778,1505794,1252014
  natural/z6     6       289         27522       176263       996073    5.65  SERIAL    609.9
CSV,natural/z6,6,289,27522,176263,996073,5.6511,169843,667450
  natural/z8     8       289             0        24821       996015   40.13  SERIAL     85.9
CSV,natural/z8,8,289,0,24821,996015,40.1279,24651,600761
 natural/z10    10       289             0        25090      1061067   42.29  SERIAL     86.8
CSV,natural/z10,10,289,0,25090,1061067,42.2904,24910,556180
