bundle: /tmp/tessera-bench/fixtures/2422486/surnames
grant mode: random (bench GrantShape::Random, default) (w=10), dictionary=404104, reps=25, max_tiles=131072

grant contiguity (universe 2422486 rows): entity-space card=123 cov=0.0051% containers=22 run_ratio=2.674 | row-space card=123 cov=0.0051% containers=25 run_ratio=1.025
GRANT,2422486,123,22,2.673777,123,25,1.024948,95993|201030|58833|365348|40676|396396|164018|284753|354217|304269

       shape  zoom     tiles   rows_in_rng    serial_ns       par_ns   ratio  winner  ns/tile
--------------------------------------------------------------------------------------------------------
CSV,shape,zoom,tiles,rows,serial_p50_ns,par_p50_ns,ratio,serial_p10_ns,par_p10_ns
     f100/z2     2        16       2422486        15111       178713   11.83  SERIAL    944.4
CSV,f100/z2,2,16,2422486,15111,178713,11.8267,13820,171036
     f100/z3     3        64       2422486        32471       588549   18.13  SERIAL    507.4
CSV,f100/z3,3,64,2422486,32471,588549,18.1254,31371,500777
     f100/z4     4       256       2422486        69261      1014636   14.65  SERIAL    270.6
CSV,f100/z4,4,256,2422486,69261,1014636,14.6495,68001,710222
     f100/z5     5      1024       2422486       178752       865973    4.84  SERIAL    174.6
CSV,f100/z5,5,1024,2422486,178752,865973,4.8445,168032,469048
     f100/z6     6      4096       2422486       547979       714242    1.30  SERIAL    133.8
CSV,f100/z6,6,4096,2422486,547979,714242,1.3034,499978,610910
     f100/z7     7     16384       2422486      1934922      1490587    0.77     PAR    118.1
CSV,f100/z7,7,16384,2422486,1934922,1490587,0.7704,1761449,1408762
     f100/z8     8     65536       2422486      7182415      4584617    0.64     PAR    109.6
CSV,f100/z8,8,65536,2422486,7182415,4584617,0.6383,6919666,4408201
      f35/z4     4        36        275603        13580       331405   24.40  SERIAL    377.2
CSV,f35/z4,4,36,275603,13580,331405,24.4039,12030,311306
      f35/z5     5       144        275603        28861       901018   31.22  SERIAL    200.4
CSV,f35/z5,5,144,275603,28861,901018,31.2192,26691,682432
      f35/z6     6       529        249405        65391       551190    8.43  SERIAL    123.6
CSV,f35/z6,6,529,249405,65391,551190,8.4291,62721,378645
      f35/z7     7      2116        249405       219414      1366842    6.23  SERIAL    103.7
CSV,f35/z7,7,2116,249405,219414,1366842,6.2295,205133,501979
      f35/z8     8      8281        242221       853850       834321    0.98     PAR    103.1
CSV,f35/z8,8,8281,242221,853850,834321,0.9771,774683,729098
      f35/z9     9     33124        242221      3256570      2145985    0.66     PAR     98.3
CSV,f35/z9,9,33124,242221,3256570,2145985,0.6590,3089771,2080714
     f35/z10    10    131769   (skipped: above --max-tiles)
      f12/z5     5        25           125         4731       145533   30.76  SERIAL    189.2
CSV,f12/z5,5,25,125,4731,145533,30.7616,4620,60331
      f12/z6     6        81            43         9650       593829   61.54  SERIAL    119.1
CSV,f12/z6,6,81,43,9650,593829,61.5367,9430,457192
      f12/z7     7       289            43        24851       988901   39.79  SERIAL     86.0
CSV,f12/z7,7,289,43,24851,988901,39.7932,24641,730072
      f12/z8     8      1089            43        86632       965926   11.15  SERIAL     79.6
CSV,f12/z8,8,1089,43,86632,965926,11.1498,84311,389446
      f12/z9     9      4225            43       442277       583790    1.32  SERIAL    104.7
CSV,f12/z9,9,4225,43,442277,583790,1.3200,333845,506453
     f12/z10    10     16641            43      2030984      1290652    0.64     PAR    122.0
CSV,f12/z10,10,16641,43,2030984,1290652,0.6355,1453274,1149041
     f12/z11    11     66049            43      6251994      3805461    0.61     PAR     94.7
CSV,f12/z11,11,66049,43,6251994,3805461,0.6087,6077081,3694691
      f04/z7     7        36             0         5850       314275   53.72  SERIAL    162.5
CSV,f04/z7,7,36,0,5850,314275,53.7222,5520,271874
      f04/z8     8       144             0        14020       919296   65.57  SERIAL     97.4
CSV,f04/z8,8,144,0,14020,919296,65.5703,13880,614671
      f04/z9     9       529             0        43821       910504   20.78  SERIAL     82.8
CSV,f04/z9,9,529,0,43821,910504,20.7778,42190,354445
     f04/z10    10      2116             0       184323       942275    5.11  SERIAL     87.1
CSV,f04/z10,10,2116,0,184323,942275,5.1121,165453,396956
     f04/z11    11      8281             0       882705       760512    0.86     PAR    106.6
CSV,f04/z11,11,8281,0,882705,760512,0.8616,680041,669134
     f04/z12    12     32761             0      3272404      2100743    0.64     PAR     99.9
CSV,f04/z12,12,32761,0,3272404,2100743,0.6420,2976550,2029194
      f01/z8     8        25             0         5070       148032   29.20  SERIAL    202.8
CSV,f01/z8,8,25,0,5070,148032,29.1976,4370,57581
      f01/z9     9        81             0         9310       573449   61.59  SERIAL    114.9
CSV,f01/z9,9,81,0,9310,573449,61.5950,9180,480289
     f01/z10    10       289             0        25560       902625   35.31  SERIAL     88.4
CSV,f01/z10,10,289,0,25560,902625,35.3140,24841,606350
     f01/z11    11      1089             0        96432       875173    9.08  SERIAL     88.6
CSV,f01/z11,11,1089,0,96432,875173,9.0755,87981,437384
     f01/z12    12      4225             0       408327       605540    1.48  SERIAL     96.6
CSV,f01/z12,12,4225,0,408327,605540,1.4830,362846,542130
     f01/z13    13     16641             0      1950632      1297351    0.67     PAR    117.2
CSV,f01/z13,13,16641,0,1950632,1297351,0.6651,1506986,1187784
  natural/z6     6       289         27522        29361       690120   23.50  SERIAL    101.6
CSV,natural/z6,6,289,27522,29361,690120,23.5046,28561,282745
  natural/z8     8       289             0        24941      1014646   40.68  SERIAL     86.3
CSV,natural/z8,8,289,0,24941,1014646,40.6818,24600,677782
 natural/z10    10       289             0        25711       873635   33.98  SERIAL     89.0
CSV,natural/z10,10,289,0,25711,873635,33.9790,24870,438877
