bundle: /home/joe/code/tessera/data/bench-fixtures/2m4
grant mode: spread (deterministic, --sparse) (w=10), dictionary=176, reps=25, max_tiles=131072

grant contiguity (universe 2422486 rows): entity-space card=599200 cov=24.7349% containers=36 run_ratio=136.086 | row-space card=599200 cov=24.7349% containers=37 run_ratio=1.666
GRANT,2422486,599200,36,136.085804,599200,37,1.665916,110|33|34|52|25|53|140|79|66|7

       shape  zoom     tiles   rows_in_rng    serial_ns       par_ns   ratio  winner  ns/tile
--------------------------------------------------------------------------------------------------------
CSV,shape,zoom,tiles,rows,serial_p50_ns,par_p50_ns,ratio,serial_p10_ns,par_p10_ns
     f100/z2     2        16       2422486      1610396      1142508    0.71     PAR 100649.8
CSV,f100/z2,2,16,2422486,1610396,1142508,0.7095,1585775,1016076
     f100/z3     3        64       2422486      1893820      1107728    0.58     PAR  29590.9
CSV,f100/z3,3,64,2422486,1893820,1107728,0.5849,1811778,912505
     f100/z4     4       256       2422486      2698162      1212538    0.45     PAR  10539.7
CSV,f100/z4,4,256,2422486,2698162,1212538,0.4494,2553038,1014105
     f100/z5     5      1024       2422486      4729136      1600215    0.34     PAR   4618.3
CSV,f100/z5,5,1024,2422486,4729136,1600215,0.3384,4586413,1456092
     f100/z6     6      4096       2422486     10438806      2838563    0.27     PAR   2548.5
CSV,f100/z6,6,4096,2422486,10438806,2838563,0.2719,9784436,2498330
     f100/z7     7     16384       2422486     25119399      6624445    0.26     PAR   1533.2
CSV,f100/z7,7,16384,2422486,25119399,6624445,0.2637,24263707,5418804
     f100/z8     8     65536       2422486     55742104     16108127    0.29     PAR    850.6
CSV,f100/z8,8,65536,2422486,55742104,16108127,0.2890,55233806,15589398
      f35/z4     4        36        275603       327435       544628    1.66  SERIAL   9095.4
CSV,f35/z4,4,36,275603,327435,544628,1.6633,322405,520448
      f35/z5     5       144        275603       578789       977316    1.69  SERIAL   4019.4
CSV,f35/z5,5,144,275603,578789,977316,1.6886,554759,777392
      f35/z6     6       529        249405       998195      1027086    1.03  SERIAL   1886.9
CSV,f35/z6,6,529,249405,998195,1027086,1.0289,963525,887125
      f35/z7     7      2116        249405      2383897      1617226    0.68     PAR   1126.6
CSV,f35/z7,7,2116,249405,2383897,1617226,0.6784,2347618,1392211
      f35/z8     8      8281        242221      5547918      2398628    0.43     PAR    670.0
CSV,f35/z8,8,8281,242221,5547918,2398628,0.4323,5331095,1611746
      f35/z9     9     33124        242221     15687908      4730855    0.30     PAR    473.6
CSV,f35/z9,9,33124,242221,15687908,4730855,0.3016,15353654,3708337
     f35/z10    10    131769   (skipped: above --max-tiles)
      f12/z5     5        25           125         7630       157757   20.68  SERIAL    305.2
CSV,f12/z5,5,25,125,7630,157757,20.6759,6960,80640
      f12/z6     6        81            43         9690       575348   59.38  SERIAL    119.6
CSV,f12/z6,6,81,43,9690,575348,59.3754,9620,462099
      f12/z7     7       289            43        25090      1060337   42.26  SERIAL     86.8
CSV,f12/z7,7,289,43,25090,1060337,42.2613,24820,649582
      f12/z8     8      1089            43        98602       722656    7.33  SERIAL     90.5
CSV,f12/z8,8,1089,43,98602,722656,7.3290,91061,405846
      f12/z9     9      4225            43       509988       622580    1.22  SERIAL    120.7
CSV,f12/z9,9,4225,43,509988,622580,1.2208,351156,539129
     f12/z10    10     16641            43      1565165      1285964    0.82     PAR     94.1
CSV,f12/z10,10,16641,43,1565165,1285964,0.8216,1433323,1148037
     f12/z11    11     66049            43      6245599      3839155    0.61     PAR     94.6
CSV,f12/z11,11,66049,43,6245599,3839155,0.6147,6089438,3725513
      f04/z7     7        36             0         5940       319940   53.86  SERIAL    165.0
CSV,f04/z7,7,36,0,5940,319940,53.8620,5430,250853
      f04/z8     8       144             0        14070       847293   60.22  SERIAL     97.7
CSV,f04/z8,8,144,0,14070,847293,60.2198,13980,675942
      f04/z9     9       529             0        44500       752122   16.90  SERIAL     84.1
CSV,f04/z9,9,529,0,44500,752122,16.9016,42630,364510
     f04/z10    10      2116             0       182893      1099009    6.01  SERIAL     86.4
CSV,f04/z10,10,2116,0,182893,1099009,6.0090,166342,435427
     f04/z11    11      8281             0       884594       753541    0.85     PAR    106.8
CSV,f04/z11,11,8281,0,884594,753541,0.8518,677941,680815
     f04/z12    12     32761             0      3325783      2221039    0.67     PAR    101.5
CSV,f04/z12,12,32761,0,3325783,2221039,0.6678,3073339,2114553
      f01/z8     8        25             0         5181       144643   27.92  SERIAL    207.2
CSV,f01/z8,8,25,0,5181,144643,27.9180,4490,140472
      f01/z9     9        81             0         9460       559854   59.18  SERIAL    116.8
CSV,f01/z9,9,81,0,9460,559854,59.1812,9100,471309
     f01/z10    10       289             0        25221       910284   36.09  SERIAL     87.3
CSV,f01/z10,10,289,0,25221,910284,36.0923,24981,592449
     f01/z11    11      1089             0        94412       701681    7.43  SERIAL     86.7
CSV,f01/z11,11,1089,0,94412,701681,7.4321,86251,354025
     f01/z12    12      4225             0       373406       904492    2.42  SERIAL     88.4
CSV,f01/z12,12,4225,0,373406,904492,2.4223,346655,579240
     f01/z13    13     16641             0      1975752      1290906    0.65     PAR    118.7
CSV,f01/z13,13,16641,0,1975752,1290906,0.6534,1495784,1233241
  natural/z6     6       289         27522       151162       880544    5.83  SERIAL    523.1
CSV,natural/z6,6,289,27522,151162,880544,5.8252,144032,736871
  natural/z8     8       289             0        27010       820052   30.36  SERIAL     93.5
CSV,natural/z8,8,289,0,27010,820052,30.3611,25430,247102
 natural/z10    10       289             0        26460       889239   33.61  SERIAL     91.6
CSV,natural/z10,10,289,0,26460,889239,33.6069,25281,393798
