bundle: /home/joe/code/tessera/data/bench-fixtures/2m4
grant mode: random (bench GrantShape::Random, default) (w=10), dictionary=176, reps=25, max_tiles=131072

grant contiguity (universe 2422486 rows): entity-space card=386128 cov=15.9393% containers=35 run_ratio=106.665 | row-space card=386128 cov=15.9393% containers=37 run_ratio=1.750
GRANT,2422486,386128,35,106.665064,386128,37,1.750380,65|17|77|79|45|76|53|97|51|20

       shape  zoom     tiles   rows_in_rng    serial_ns       par_ns   ratio  winner  ns/tile
--------------------------------------------------------------------------------------------------------
CSV,shape,zoom,tiles,rows,serial_p50_ns,par_p50_ns,ratio,serial_p10_ns,par_p10_ns
     f100/z2     2        16       2422486      1077719       715502    0.66     PAR  67357.4
CSV,f100/z2,2,16,2422486,1077719,715502,0.6639,1010107,676851
     f100/z3     3        64       2422486      1185640       884515    0.75     PAR  18525.6
CSV,f100/z3,3,64,2422486,1185640,884515,0.7460,1162090,816824
     f100/z4     4       256       2422486      1633947       974467    0.60     PAR   6382.6
CSV,f100/z4,4,256,2422486,1633947,974467,0.5964,1596167,848844
     f100/z5     5      1024       2422486      3062593      1400054    0.46     PAR   2990.8
CSV,f100/z5,5,1024,2422486,3062593,1400054,0.4571,2872999,1285502
     f100/z6     6      4096       2422486      6530116      2215033    0.34     PAR   1594.3
CSV,f100/z6,6,4096,2422486,6530116,2215033,0.3392,6271101,1883584
     f100/z7     7     16384       2422486     16377014      4558284    0.28     PAR    999.6
CSV,f100/z7,7,16384,2422486,16377014,4558284,0.2783,16013313,3972621
     f100/z8     8     65536       2422486     38836734      9831143    0.25     PAR    592.6
CSV,f100/z8,8,65536,2422486,38836734,9831143,0.2531,38528351,9142773
      f35/z4     4        36        275603        46841       387386    8.27  SERIAL   1301.1
CSV,f35/z4,4,36,275603,46841,387386,8.2702,39341,350215
      f35/z5     5       144        275603        85161       967495   11.36  SERIAL    591.4
CSV,f35/z5,5,144,275603,85161,967495,11.3608,78981,818823
      f35/z6     6       529        249405       140702      1050286    7.46  SERIAL    266.0
CSV,f35/z6,6,529,249405,140702,1050286,7.4646,131992,679220
      f35/z7     7      2116        249405       369706       764323    2.07  SERIAL    174.7
CSV,f35/z7,7,2116,249405,369706,764323,2.0674,333185,517813
      f35/z8     8      8281        242221      1362481       973426    0.71     PAR    164.5
CSV,f35/z8,8,8281,242221,1362481,973426,0.7145,980496,813989
      f35/z9     9     33124        242221      3750287      2273224    0.61     PAR    113.2
CSV,f35/z9,9,33124,242221,3750287,2273224,0.6061,3544714,2157545
     f35/z10    10    131769   (skipped: above --max-tiles)
      f12/z5     5        25           125         6090       144592   23.74  SERIAL    243.6
CSV,f12/z5,5,25,125,6090,144592,23.7425,5910,63231
      f12/z6     6        81            43         9610       564298   58.72  SERIAL    118.6
CSV,f12/z6,6,81,43,9610,564298,58.7199,9420,501648
      f12/z7     7       289            43        25801      1050096   40.70  SERIAL     89.3
CSV,f12/z7,7,289,43,25801,1050096,40.6998,24820,665241
      f12/z8     8      1089            43        93402      1039176   11.13  SERIAL     85.8
CSV,f12/z8,8,1089,43,93402,1039176,11.1258,86142,440277
      f12/z9     9      4225            43       512678       585329    1.14  SERIAL    121.3
CSV,f12/z9,9,4225,43,512678,585329,1.1417,331115,517617
     f12/z10    10     16641            43      1956282      1299511    0.66     PAR    117.6
CSV,f12/z10,10,16641,43,1956282,1299511,0.6643,1453822,1121747
     f12/z11    11     66049            43      6239887      3768309    0.60     PAR     94.5
CSV,f12/z11,11,66049,43,6239887,3768309,0.6039,6044333,3654543
      f04/z7     7        36             0         5980       330853   55.33  SERIAL    166.1
CSV,f04/z7,7,36,0,5980,330853,55.3266,5760,286984
      f04/z8     8       144             0        14230       862093   60.58  SERIAL     98.8
CSV,f04/z8,8,144,0,14230,862093,60.5828,14100,689540
      f04/z9     9       529             0        44301       853856   19.27  SERIAL     83.7
CSV,f04/z9,9,529,0,44301,853856,19.2740,42500,374071
     f04/z10    10      2116             0       195683       790697    4.04  SERIAL     92.5
CSV,f04/z10,10,2116,0,195683,790697,4.0407,167773,434846
     f04/z11    11      8281             0      1027676       888578    0.86     PAR    124.1
CSV,f04/z11,11,8281,0,1027676,888578,0.8646,723651,715030
     f04/z12    12     32761             0      3285281      2108798    0.64     PAR    100.3
CSV,f04/z12,12,32761,0,3285281,2108798,0.6419,2978397,2019541
      f01/z8     8        25             0         4950       142943   28.88  SERIAL    198.0
CSV,f01/z8,8,25,0,4950,142943,28.8774,4370,58101
      f01/z9     9        81             0         9300       549438   59.08  SERIAL    114.8
CSV,f01/z9,9,81,0,9300,549438,59.0794,9130,474828
     f01/z10    10       289             0        25300       990789   39.16  SERIAL     87.5
CSV,f01/z10,10,289,0,25300,990789,39.1616,24901,632439
     f01/z11    11      1089             0        91181      1213339   13.31  SERIAL     83.7
CSV,f01/z11,11,1089,0,91181,1213339,13.3069,86341,426736
     f01/z12    12      4225             0       406091       581974    1.43  SERIAL     96.1
CSV,f01/z12,12,4225,0,406091,581974,1.4331,342046,518398
     f01/z13    13     16641             0      1909479      1297452    0.68     PAR    114.7
CSV,f01/z13,13,16641,0,1909479,1297452,0.6795,1559675,1172940
  natural/z6     6       289         27522        45661       844743   18.50  SERIAL    158.0
CSV,natural/z6,6,289,27522,45661,844743,18.5003,42530,430717
  natural/z8     8       289             0        26421       819164   31.00  SERIAL     91.4
CSV,natural/z8,8,289,0,26421,819164,31.0043,25140,457774
 natural/z10    10       289             0        25631       711251   27.75  SERIAL     88.7
CSV,natural/z10,10,289,0,25631,711251,27.7496,24961,328236
