bundle: /tmp/tessera-bench/fixtures/2422486/surnames
grant mode: spread (deterministic, --sparse) (w=10), dictionary=404104, reps=25, max_tiles=131072

grant contiguity (universe 2422486 rows): entity-space card=81 cov=0.0033% containers=24 run_ratio=1.884 | row-space card=81 cov=0.0033% containers=27 run_ratio=1.000
GRANT,2422486,81,24,1.883658,81,27,0.999967,209335|198635|182943|235280|223865|346149|125982|143353|247732|27790

       shape  zoom     tiles   rows_in_rng    serial_ns       par_ns   ratio  winner  ns/tile
--------------------------------------------------------------------------------------------------------
CSV,shape,zoom,tiles,rows,serial_p50_ns,par_p50_ns,ratio,serial_p10_ns,par_p10_ns
     f100/z2     2        16       2422486        16911       190563   11.27  SERIAL   1056.9
CSV,f100/z2,2,16,2422486,16911,190563,11.2686,13980,176222
     f100/z3     3        64       2422486        31970       626738   19.60  SERIAL    499.5
CSV,f100/z3,3,64,2422486,31970,626738,19.6039,30570,562380
     f100/z4     4       256       2422486        71571      1047197   14.63  SERIAL    279.6
CSV,f100/z4,4,256,2422486,71571,1047197,14.6316,68891,617140
     f100/z5     5      1024       2422486       176513      1176069    6.66  SERIAL    172.4
CSV,f100/z5,5,1024,2422486,176513,1176069,6.6628,169533,505028
     f100/z6     6      4096       2422486       672441       803723    1.20  SERIAL    164.2
CSV,f100/z6,6,4096,2422486,672441,803723,1.1952,502208,663140
     f100/z7     7     16384       2422486      2143765      1547556    0.72     PAR    130.8
CSV,f100/z7,7,16384,2422486,2143765,1547556,0.7219,1823090,1436803
     f100/z8     8     65536       2422486      7169716      4610245    0.64     PAR    109.4
CSV,f100/z8,8,65536,2422486,7169716,4610245,0.6430,6966004,4334709
      f35/z4     4        36        275603        12270       320075   26.09  SERIAL    340.8
CSV,f35/z4,4,36,275603,12270,320075,26.0860,11381,285945
      f35/z5     5       144        275603        25391       858845   33.82  SERIAL    176.3
CSV,f35/z5,5,144,275603,25391,858845,33.8248,25020,554119
      f35/z6     6       529        249405        62051       934775   15.06  SERIAL    117.3
CSV,f35/z6,6,529,249405,62051,934775,15.0646,59251,511128
      f35/z7     7      2116        249405       226664       930575    4.11  SERIAL    107.1
CSV,f35/z7,7,2116,249405,226664,930575,4.1055,198753,435997
      f35/z8     8      8281        242221      1109328       822043    0.74     PAR    134.0
CSV,f35/z8,8,8281,242221,1109328,822043,0.7410,746482,762301
      f35/z9     9     33124        242221      3336014      2137804    0.64     PAR    100.7
CSV,f35/z9,9,33124,242221,3336014,2137804,0.6408,3084889,2066134
     f35/z10    10    131769   (skipped: above --max-tiles)
      f12/z5     5        25           125         4830       145522   30.13  SERIAL    193.2
CSV,f12/z5,5,25,125,4830,145522,30.1288,4730,60391
      f12/z6     6        81            43         9520       552597   58.05  SERIAL    117.5
CSV,f12/z6,6,81,43,9520,552597,58.0459,9440,473929
      f12/z7     7       289            43        25031       894504   35.74  SERIAL     86.6
CSV,f12/z7,7,289,43,25031,894504,35.7358,24801,634810
      f12/z8     8      1089            43        89471       948475   10.60  SERIAL     82.2
CSV,f12/z8,8,1089,43,89471,948475,10.6009,85561,421427
      f12/z9     9      4225            43       459517       625760    1.36  SERIAL    108.8
CSV,f12/z9,9,4225,43,459517,625760,1.3618,335506,469397
     f12/z10    10     16641            43      1989248      1286550    0.65     PAR    119.5
CSV,f12/z10,10,16641,43,1989248,1286550,0.6468,1456944,1153188
     f12/z11    11     66049            43      6354053      3806673    0.60     PAR     96.2
CSV,f12/z11,11,66049,43,6354053,3806673,0.5991,6092988,3698809
      f04/z7     7        36             0         6160       327266   53.13  SERIAL    171.1
CSV,f04/z7,7,36,0,6160,327266,53.1276,5610,231016
      f04/z8     8       144             0        14050       852744   60.69  SERIAL     97.6
CSV,f04/z8,8,144,0,14050,852744,60.6935,13961,726058
      f04/z9     9       529             0        43391      1072677   24.72  SERIAL     82.0
CSV,f04/z9,9,529,0,43391,1072677,24.7212,42441,566519
     f04/z10    10      2116             0       172263      1131417    6.57  SERIAL     81.4
CSV,f04/z10,10,2116,0,172263,1131417,6.5680,164623,437936
     f04/z11    11      8281             0       880565       754532    0.86     PAR    106.3
CSV,f04/z11,11,8281,0,880565,754532,0.8569,690701,691749
     f04/z12    12     32761             0      3032549      2126203    0.70     PAR     92.6
CSV,f04/z12,12,32761,0,3032549,2126203,0.7011,2987818,2051704
      f01/z8     8        25             0         5550       147822   26.63  SERIAL    222.0
CSV,f01/z8,8,25,0,5550,147822,26.6346,2680,14980
      f01/z9     9        81             0         9630       525918   54.61  SERIAL    118.9
CSV,f01/z9,9,81,0,9630,525918,54.6125,9300,352145
     f01/z10    10       289             0        26560       889286   33.48  SERIAL     91.9
CSV,f01/z10,10,289,0,26560,889286,33.4822,25220,405948
     f01/z11    11      1089             0        95741       778342    8.13  SERIAL     87.9
CSV,f01/z11,11,1089,0,95741,778342,8.1297,86692,414917
     f01/z12    12      4225             0       431757       754732    1.75  SERIAL    102.2
CSV,f01/z12,12,4225,0,431757,754732,1.7480,353915,552068
     f01/z13    13     16641             0      1966956      1373737    0.70     PAR    118.2
CSV,f01/z13,13,16641,0,1966956,1373737,0.6984,1498514,1224239
  natural/z6     6       289         27522        29631       898395   30.32  SERIAL    102.5
CSV,natural/z6,6,289,27522,29631,898395,30.3194,29001,644451
  natural/z8     8       289             0        25260       994989   39.39  SERIAL     87.4
CSV,natural/z8,8,289,0,25260,994989,39.3899,24640,469161
 natural/z10    10       289             0        25130       973735   38.75  SERIAL     87.0
CSV,natural/z10,10,289,0,25130,973735,38.7479,24930,813892
