bundle: /tmp/tessera-bench/fixtures/2422486/categories-archive
grant mode: spread (deterministic, --sparse) (w=10), dictionary=38, reps=25, max_tiles=131072

grant contiguity (universe 2422486 rows): entity-space card=929590 cov=38.3734% containers=23 run_ratio=3793.873 | row-space card=929590 cov=38.3734% containers=37 run_ratio=3.386
GRANT,2422486,929590,23,3793.872875,929590,37,3.386025,21|12|35|19|17|27|28|8|9|24

       shape  zoom     tiles   rows_in_rng    serial_ns       par_ns   ratio  winner  ns/tile
--------------------------------------------------------------------------------------------------------
CSV,shape,zoom,tiles,rows,serial_p50_ns,par_p50_ns,ratio,serial_p10_ns,par_p10_ns
     f100/z2     2        16       2422486      2198874      1661336    0.76     PAR 137429.6
CSV,f100/z2,2,16,2422486,2198874,1661336,0.7555,2167984,1497885
     f100/z3     3        64       2422486      2521840      1278940    0.51     PAR  39403.8
CSV,f100/z3,3,64,2422486,2521840,1278940,0.5071,2407639,1135528
     f100/z4     4       256       2422486      3152700      1291104    0.41     PAR  12315.2
CSV,f100/z4,4,256,2422486,3152700,1291104,0.4095,2991086,1162568
     f100/z5     5      1024       2422486      4848376      1610876    0.33     PAR   4734.7
CSV,f100/z5,5,1024,2422486,4848376,1610876,0.3323,4745845,1508834
     f100/z6     6      4096       2422486     10013716      2667867    0.27     PAR   2444.8
CSV,f100/z6,6,4096,2422486,10013716,2667867,0.2664,9566731,2230875
     f100/z7     7     16384       2422486     23372707      5548127    0.24     PAR   1426.6
CSV,f100/z7,7,16384,2422486,23372707,5548127,0.2374,23103811,5120740
     f100/z8     8     65536       2422486     54500642     11933795    0.22     PAR    831.6
CSV,f100/z8,8,65536,2422486,54500642,11933795,0.2190,54264498,11354916
      f35/z4     4        36        275603       310275       569408    1.84  SERIAL   8618.8
CSV,f35/z4,4,36,275603,310275,569408,1.8352,302855,546508
      f35/z5     5       144        275603       500448       971036    1.94  SERIAL   3475.3
CSV,f35/z5,5,144,275603,500448,971036,1.9403,491608,827982
      f35/z6     6       529        249405       851063      1071158    1.26  SERIAL   1608.8
CSV,f35/z6,6,529,249405,851063,1071158,1.2586,838123,976856
      f35/z7     7      2116        249405      2089954      1517814    0.73     PAR    987.7
CSV,f35/z7,7,2116,249405,2089954,1517814,0.7262,2035651,1378102
      f35/z8     8      8281        242221      5244742      2222362    0.42     PAR    633.3
CSV,f35/z8,8,8281,242221,5244742,2222362,0.4237,5053141,1500123
      f35/z9     9     33124        242221     15228417      4547913    0.30     PAR    459.7
CSV,f35/z9,9,33124,242221,15228417,4547913,0.2986,14952323,3625136
     f35/z10    10    131769   (skipped: above --max-tiles)
      f12/z5     5        25           125         6980       147222   21.09  SERIAL    279.2
CSV,f12/z5,5,25,125,6980,147222,21.0920,6720,61771
      f12/z6     6        81            43        11770       605029   51.40  SERIAL    145.3
CSV,f12/z6,6,81,43,11770,605029,51.4043,11330,520299
      f12/z7     7       289            43        27200      1007696   37.05  SERIAL     94.1
CSV,f12/z7,7,289,43,27200,1007696,37.0476,26940,609622
      f12/z8     8      1089            43        95581       768812    8.04  SERIAL     87.8
CSV,f12/z8,8,1089,43,95581,768812,8.0436,89021,407366
      f12/z9     9      4225            43       470168       680842    1.45  SERIAL    111.3
CSV,f12/z9,9,4225,43,470168,680842,1.4481,338325,523537
     f12/z10    10     16641            43      1567486      1231298    0.79     PAR     94.2
CSV,f12/z10,10,16641,43,1567486,1231298,0.7855,1455362,1146418
     f12/z11    11     66049            43      6269384      3771544    0.60     PAR     94.9
CSV,f12/z11,11,66049,43,6269384,3771544,0.6016,6063595,3698207
      f04/z7     7        36             0         5810       311767   53.66  SERIAL    161.4
CSV,f04/z7,7,36,0,5810,311767,53.6604,5310,199652
      f04/z8     8       144             0        14120       874942   61.96  SERIAL     98.1
CSV,f04/z8,8,144,0,14120,874942,61.9647,13981,687189
      f04/z9     9       529             0        43071       973765   22.61  SERIAL     81.4
CSV,f04/z9,9,529,0,43071,973765,22.6084,42310,398371
     f04/z10    10      2116             0       180283      1145577    6.35  SERIAL     85.2
CSV,f04/z10,10,2116,0,180283,1145577,6.3543,166053,440576
     f04/z11    11      8281             0       903164       763023    0.84     PAR    109.1
CSV,f04/z11,11,8281,0,903164,763023,0.8448,679890,671106
     f04/z12    12     32761             0      3171935      2078015    0.66     PAR     96.8
CSV,f04/z12,12,32761,0,3171935,2078015,0.6551,2993157,2017855
      f01/z8     8        25             0         4520       142072   31.43  SERIAL    180.8
CSV,f01/z8,8,25,0,4520,142072,31.4319,4370,59210
      f01/z9     9        81             0         9311       563073   60.47  SERIAL    115.0
CSV,f01/z9,9,81,0,9311,563073,60.4740,9201,431577
     f01/z10    10       289             0        25640       927905   36.19  SERIAL     88.7
CSV,f01/z10,10,289,0,25640,927905,36.1897,24830,335385
     f01/z11    11      1089             0        88472      1036352   11.71  SERIAL     81.2
CSV,f01/z11,11,1089,0,88472,1036352,11.7139,85742,378898
     f01/z12    12      4225             0       393695       644880    1.64  SERIAL     93.2
CSV,f01/z12,12,4225,0,393695,644880,1.6380,353036,518678
     f01/z13    13     16641             0      1658537      1283611    0.77     PAR     99.7
CSV,f01/z13,13,16641,0,1658537,1283611,0.7739,1502343,1159298
  natural/z6     6       289         27522        94062       810682    8.62  SERIAL    325.5
CSV,natural/z6,6,289,27522,94062,810682,8.6186,88581,559009
  natural/z8     8       289             0        25010       982090   39.27  SERIAL     86.5
CSV,natural/z8,8,289,0,25010,982090,39.2679,24800,686925
 natural/z10    10       289             0        25601       983474   38.42  SERIAL     88.6
CSV,natural/z10,10,289,0,25601,983474,38.4155,24970,570638
