bundle: /tmp/tessera-bench/fixtures/2422486/surnames
grant mode: spread (deterministic, --sparse) (w=10), reps=25, max_tiles=131072

grant contiguity (universe 2422486 rows): entity-space card=81 cov=0.0033% containers=24 run_ratio=1.884 | row-space card=81 cov=0.0033% containers=27 run_ratio=1.000
GRANT,2422486,81,24,1.883658,81,27,0.999967,209335|198635|182943|235280|223865|346149|125982|143353|247732|27790

       shape  zoom     tiles   rows_in_rng    serial_ns       par_ns   ratio  winner  ns/tile
--------------------------------------------------------------------------------------------------------
CSV,shape,zoom,tiles,rows,serial_p50_ns,par_p50_ns,ratio,serial_p10_ns,par_p10_ns
     f100/z2     2        16       2422486        16800       177782   10.58  SERIAL   1050.0
CSV,f100/z2,2,16,2422486,16800,177782,10.5823,13650,173943
     f100/z3     3        64       2422486        31341       618188   19.72  SERIAL    489.7
CSV,f100/z3,3,64,2422486,31341,618188,19.7246,30530,564911
     f100/z4     4       256       2422486        71601       968194   13.52  SERIAL    279.7
CSV,f100/z4,4,256,2422486,71601,968194,13.5221,68231,648289
     f100/z5     5      1024       2422486       180353       843562    4.68  SERIAL    176.1
CSV,f100/z5,5,1024,2422486,180353,843562,4.6773,171993,460326
     f100/z6     6      4096       2422486       658690       827547    1.26  SERIAL    160.8
CSV,f100/z6,6,4096,2422486,658690,827547,1.2564,512037,660144
     f100/z7     7     16384       2422486      2096861      1498899    0.71     PAR    128.0
CSV,f100/z7,7,16384,2422486,2096861,1498899,0.7148,1749305,1394870
     f100/z8     8     65536       2422486      7226088      4727131    0.65     PAR    110.3
CSV,f100/z8,8,65536,2422486,7226088,4727131,0.6542,6849967,4330121
      f35/z4     4        36        275603        12400       334748   27.00  SERIAL    344.4
CSV,f35/z4,4,36,275603,12400,334748,26.9958,10740,289165
      f35/z5     5       144        275603        26281       900563   34.27  SERIAL    182.5
CSV,f35/z5,5,144,275603,26281,900563,34.2667,25201,572308
      f35/z6     6       529        249405        64851       919178   14.17  SERIAL    122.6
CSV,f35/z6,6,529,249405,64851,919178,14.1737,61151,431905
      f35/z7     7      2116        249405       218903       882982    4.03  SERIAL    103.5
CSV,f35/z7,7,2116,249405,218903,882982,4.0337,198123,480367
      f35/z8     8      8281        242221       922893       815431    0.88     PAR    111.4
CSV,f35/z8,8,8281,242221,922893,815431,0.8836,724110,718240
      f35/z9     9     33124        242221      3391239      2145041    0.63     PAR    102.4
CSV,f35/z9,9,33124,242221,3391239,2145041,0.6325,3138555,2003707
     f35/z10    10    131769   (skipped: above --max-tiles)
      f12/z5     5        25           125         4850       143723   29.63  SERIAL    194.0
CSV,f12/z5,5,25,125,4850,143723,29.6336,4650,58860
      f12/z6     6        81            43         9610       577457   60.09  SERIAL    118.6
CSV,f12/z6,6,81,43,9610,577457,60.0892,9421,487816
      f12/z7     7       289            43        25001       965544   38.62  SERIAL     86.5
CSV,f12/z7,7,289,43,25001,965544,38.6202,24740,604099
      f12/z8     8      1089            43        92281       891523    9.66  SERIAL     84.7
CSV,f12/z8,8,1089,43,92281,891523,9.6610,85772,406676
      f12/z9     9      4225            43       360535       650934    1.81  SERIAL     85.3
CSV,f12/z9,9,4225,43,360535,650934,1.8055,341775,501257
     f12/z10    10     16641            43      1482031      1293524    0.87     PAR     89.1
CSV,f12/z10,10,16641,43,1482031,1293524,0.8728,1434085,1149575
     f12/z11    11     66049            43      6321521      3741067    0.59     PAR     95.7
CSV,f12/z11,11,66049,43,6321521,3741067,0.5918,6093547,3658354
      f04/z7     7        36             0         5940       297405   50.07  SERIAL    165.0
CSV,f04/z7,7,36,0,5940,297405,50.0682,5530,197724
      f04/z8     8       144             0        14641       842319   57.53  SERIAL    101.7
CSV,f04/z8,8,144,0,14641,842319,57.5315,14060,402247
      f04/z9     9       529             0        45271       910242   20.11  SERIAL     85.6
CSV,f04/z9,9,529,0,45271,910242,20.1065,42750,421937
     f04/z10    10      2116             0       203603       740803    3.64  SERIAL     96.2
CSV,f04/z10,10,2116,0,203603,740803,3.6385,166943,443573
     f04/z11    11      8281             0       995757       772184    0.78     PAR    120.2
CSV,f04/z11,11,8281,0,995757,772184,0.7755,700912,685651
     f04/z12    12     32761             0      3164576      2107776    0.67     PAR     96.6
CSV,f04/z12,12,32761,0,3164576,2107776,0.6661,3017473,2012505
      f01/z8     8        25             0         5090       148283   29.13  SERIAL    203.6
CSV,f01/z8,8,25,0,5090,148283,29.1322,4380,60671
      f01/z9     9        81             0         9400       556800   59.23  SERIAL    116.0
CSV,f01/z9,9,81,0,9400,556800,59.2340,9220,476748
     f01/z10    10       289             0        25160       925537   36.79  SERIAL     87.1
CSV,f01/z10,10,289,0,25160,925537,36.7860,24910,610715
     f01/z11    11      1089             0        89431      1003007   11.22  SERIAL     82.1
CSV,f01/z11,11,1089,0,89431,1003007,11.2154,86642,399267
     f01/z12    12      4225             0       507848       651342    1.28  SERIAL    120.2
CSV,f01/z12,12,4225,0,507848,651342,1.2826,347086,556730
     f01/z13    13     16641             0      1950469      1335203    0.68     PAR    117.2
CSV,f01/z13,13,16641,0,1950469,1335203,0.6846,1473806,1248502
  natural/z6     6       289         27522        28931      1006778   34.80  SERIAL    100.1
CSV,natural/z6,6,289,27522,28931,1006778,34.7993,28741,796563
  natural/z8     8       289             0        24870      1052480   42.32  SERIAL     86.1
CSV,natural/z8,8,289,0,24870,1052480,42.3193,24730,327814
 natural/z10    10       289             0        25130       882116   35.10  SERIAL     87.0
CSV,natural/z10,10,289,0,25130,882116,35.1021,24920,413299
