bundle: /home/user/code/tessera/data/bench-fixtures/2m4
grant mode: random (bench GrantShape::Random, default) (w=10), reps=25, max_tiles=131072

grant contiguity (universe 2422486 rows): entity-space card=386128 cov=15.9393% containers=35 run_ratio=106.665 | row-space card=386128 cov=15.9393% containers=37 run_ratio=1.750
GRANT,2422486,386128,35,106.665064,386128,37,1.750380,65|17|77|79|45|76|53|97|51|20

       shape  zoom     tiles   rows_in_rng    serial_ns       par_ns   ratio  winner  ns/tile
--------------------------------------------------------------------------------------------------------
CSV,shape,zoom,tiles,rows,serial_p50_ns,par_p50_ns,ratio,serial_p10_ns,par_p10_ns
     f100/z2     2        16       2422486      1066735       716750    0.67     PAR  66670.9
CSV,f100/z2,2,16,2422486,1066735,716750,0.6719,1019064,692780
     f100/z3     3        64       2422486      1199697       836692    0.70     PAR  18745.3
CSV,f100/z3,3,64,2422486,1199697,836692,0.6974,1175116,764070
     f100/z4     4       256       2422486      1734964      1094074    0.63     PAR   6777.2
CSV,f100/z4,4,256,2422486,1734964,1094074,0.6306,1614672,909623
     f100/z5     5      1024       2422486      3036082      1388849    0.46     PAR   2964.9
CSV,f100/z5,5,1024,2422486,3036082,1388849,0.4574,2912723,1234756
     f100/z6     6      4096       2422486      6329938      2125589    0.34     PAR   1545.4
CSV,f100/z6,6,4096,2422486,6329938,2125589,0.3358,5938084,1845516
     f100/z7     7     16384       2422486     16168473      4608985    0.29     PAR    986.8
CSV,f100/z7,7,16384,2422486,16168473,4608985,0.2851,15699414,4273021
     f100/z8     8     65536       2422486     37274275     10110122    0.27     PAR    568.8
CSV,f100/z8,8,65536,2422486,37274275,10110122,0.2712,36733396,8968565
      f35/z4     4        36        275603        49061       397106    8.09  SERIAL   1362.8
CSV,f35/z4,4,36,275603,49061,397106,8.0941,41021,365790
      f35/z5     5       144        275603        93431       956442   10.24  SERIAL    648.8
CSV,f35/z5,5,144,275603,93431,956442,10.2369,83451,474116
      f35/z6     6       529        249405       162173      1067690    6.58  SERIAL    306.6
CSV,f35/z6,6,529,249405,162173,1067690,6.5836,143172,452907
      f35/z7     7      2116        249405       461707       643349    1.39  SERIAL    218.2
CSV,f35/z7,7,2116,249405,461707,643349,1.3934,346405,495156
      f35/z8     8      8281        242221      1304598      1002284    0.77     PAR    157.5
CSV,f35/z8,8,8281,242221,1304598,1002284,0.7683,991255,839081
      f35/z9     9     33124        242221      3746614      2251944    0.60     PAR    113.1
CSV,f35/z9,9,33124,242221,3746614,2251944,0.6011,3528180,2186247
     f35/z10    10    131769   (skipped: above --max-tiles)
      f12/z5     5        25           125         6190       146042   23.59  SERIAL    247.6
CSV,f12/z5,5,25,125,6190,146042,23.5932,5900,59691
      f12/z6     6        81            43         9680       605159   62.52  SERIAL    119.5
CSV,f12/z6,6,81,43,9680,605159,62.5164,9460,484307
      f12/z7     7       289            43        25580       909773   35.57  SERIAL     88.5
CSV,f12/z7,7,289,43,25580,909773,35.5658,24930,406406
      f12/z8     8      1089            43        94931       849950    8.95  SERIAL     87.2
CSV,f12/z8,8,1089,43,94931,849950,8.9533,85981,429906
      f12/z9     9      4225            43       414932       600669    1.45  SERIAL     98.2
CSV,f12/z9,9,4225,43,414932,600669,1.4476,330185,539967
     f12/z10    10     16641            43      1920618      1281608    0.67     PAR    115.4
CSV,f12/z10,10,16641,43,1920618,1281608,0.6673,1478402,1173597
     f12/z11    11     66049            43      6304390      3793604    0.60     PAR     95.5
CSV,f12/z11,11,66049,43,6304390,3793604,0.6017,6110628,3630582
      f04/z7     7        36             0         5980       322824   53.98  SERIAL    166.1
CSV,f04/z7,7,36,0,5980,322824,53.9839,5290,226744
      f04/z8     8       144             0        14250       903563   63.41  SERIAL     99.0
CSV,f04/z8,8,144,0,14250,903563,63.4079,14150,727601
      f04/z9     9       529             0        43201      1007013   23.31  SERIAL     81.7
CSV,f04/z9,9,529,0,43201,1007013,23.3099,42741,654969
     f04/z10    10      2116             0       172203      1230718    7.15  SERIAL     81.4
CSV,f04/z10,10,2116,0,172203,1230718,7.1469,165483,424406
     f04/z11    11      8281             0       761521       802100    1.05  SERIAL     92.0
CSV,f04/z11,11,8281,0,761521,802100,1.0533,709120,728091
     f04/z12    12     32761             0      3087858      2141996    0.69     PAR     94.3
CSV,f04/z12,12,32761,0,3087858,2141996,0.6937,2998282,2004834
      f01/z8     8        25             0         5140       147992   28.79  SERIAL    205.6
CSV,f01/z8,8,25,0,5140,147992,28.7922,4541,88166
      f01/z9     9        81             0         9430       570089   60.45  SERIAL    116.4
CSV,f01/z9,9,81,0,9430,570089,60.4548,9320,444387
     f01/z10    10       289             0        28280       820927   29.03  SERIAL     97.9
CSV,f01/z10,10,289,0,28280,820927,29.0285,25350,495032
     f01/z11    11      1089             0        95601       854812    8.94  SERIAL     87.8
CSV,f01/z11,11,1089,0,95601,854812,8.9415,87271,381285
     f01/z12    12      4225             0       390535       696028    1.78  SERIAL     92.4
CSV,f01/z12,12,4225,0,390535,696028,1.7822,351605,532687
     f01/z13    13     16641             0      1600977      1259262    0.79     PAR     96.2
CSV,f01/z13,13,16641,0,1600977,1259262,0.7866,1467521,1186182
  natural/z6     6       289         27522        45271       885142   19.55  SERIAL    156.6
CSV,natural/z6,6,289,27522,45271,885142,19.5521,41941,619614
  natural/z8     8       289             0        24890       949204   38.14  SERIAL     86.1
CSV,natural/z8,8,289,0,24890,949204,38.1360,24660,394136
 natural/z10    10       289             0        25220       967153   38.35  SERIAL     87.3
CSV,natural/z10,10,289,0,25220,967153,38.3487,24980,491777
