bundle: /home/user/code/tessera/data/bench-fixtures/2m4
grant mode: spread (deterministic, --sparse) (w=10), reps=25, max_tiles=131072

grant contiguity (universe 2422486 rows): entity-space card=599200 cov=24.7349% containers=36 run_ratio=136.086 | row-space card=599200 cov=24.7349% containers=37 run_ratio=1.666
GRANT,2422486,599200,36,136.085804,599200,37,1.665916,110|33|34|52|25|53|140|79|66|7

       shape  zoom     tiles   rows_in_rng    serial_ns       par_ns   ratio  winner  ns/tile
--------------------------------------------------------------------------------------------------------
CSV,shape,zoom,tiles,rows,serial_p50_ns,par_p50_ns,ratio,serial_p10_ns,par_p10_ns
     f100/z2     2        16       2422486      1610617      1167587    0.72     PAR 100663.6
CSV,f100/z2,2,16,2422486,1610617,1167587,0.7249,1572077,1025714
     f100/z3     3        64       2422486      1888144      1096745    0.58     PAR  29502.2
CSV,f100/z3,3,64,2422486,1888144,1096745,0.5809,1819453,1002693
     f100/z4     4       256       2422486      2615733      1182357    0.45     PAR  10217.7
CSV,f100/z4,4,256,2422486,2615733,1182357,0.4520,2523190,1070876
     f100/z5     5      1024       2422486      4690124      1634188    0.35     PAR   4580.2
CSV,f100/z5,5,1024,2422486,4690124,1634188,0.3484,4497008,1352902
     f100/z6     6      4096       2422486      9707769      2703903    0.28     PAR   2370.1
CSV,f100/z6,6,4096,2422486,9707769,2703903,0.2785,9355359,2485790
     f100/z7     7     16384       2422486     23174032      5674256    0.24     PAR   1414.4
CSV,f100/z7,7,16384,2422486,23174032,5674256,0.2449,22884107,5269843
     f100/z8     8     65536       2422486     52532396     15911961    0.30     PAR    801.6
CSV,f100/z8,8,65536,2422486,52532396,15911961,0.3029,51656251,14841666
      f35/z4     4        36        275603       319385       527068    1.65  SERIAL   8871.8
CSV,f35/z4,4,36,275603,319385,527068,1.6503,315274,505262
      f35/z5     5       144        275603       546888       955496    1.75  SERIAL   3797.8
CSV,f35/z5,5,144,275603,546888,955496,1.7472,537957,625418
      f35/z6     6       529        249405       991515      1169427    1.18  SERIAL   1874.3
CSV,f35/z6,6,529,249405,991515,1169427,1.1794,933974,880832
      f35/z7     7      2116        249405      2523395      1606686    0.64     PAR   1192.5
CSV,f35/z7,7,2116,249405,2523395,1606686,0.6367,2289453,1204107
      f35/z8     8      8281        242221      5365507      2264022    0.42     PAR    647.9
CSV,f35/z8,8,8281,242221,5365507,2264022,0.4220,5115093,1625848
      f35/z9     9     33124        242221     14547301      4697208    0.32     PAR    439.2
CSV,f35/z9,9,33124,242221,14547301,4697208,0.3229,14372337,3678383
     f35/z10    10    131769   (skipped: above --max-tiles)
      f12/z5     5        25           125         5710       148093   25.94  SERIAL    228.4
CSV,f12/z5,5,25,125,5710,148093,25.9357,5540,60291
      f12/z6     6        81            43         9621       554809   57.67  SERIAL    118.8
CSV,f12/z6,6,81,43,9621,554809,57.6665,9500,452166
      f12/z7     7       289            43        25290      1057194   41.80  SERIAL     87.5
CSV,f12/z7,7,289,43,25290,1057194,41.8028,24850,628169
      f12/z8     8      1089            43        88261       920296   10.43  SERIAL     81.0
CSV,f12/z8,8,1089,43,88261,920296,10.4270,85592,445116
      f12/z9     9      4225            43       481897       881513    1.83  SERIAL    114.1
CSV,f12/z9,9,4225,43,481897,881513,1.8293,332195,497187
     f12/z10    10     16641            43      1992289      1273563    0.64     PAR    119.7
CSV,f12/z10,10,16641,43,1992289,1273563,0.6392,1459171,1153431
     f12/z11    11     66049            43      6221930      3756198    0.60     PAR     94.2
CSV,f12/z11,11,66049,43,6221930,3756198,0.6037,6050517,3684149
      f04/z7     7        36             0         5840       304885   52.21  SERIAL    162.2
CSV,f04/z7,7,36,0,5840,304885,52.2063,5330,242545
      f04/z8     8       144             0        14310       954779   66.72  SERIAL     99.4
CSV,f04/z8,8,144,0,14310,954779,66.7211,14040,806901
      f04/z9     9       529             0        44481      1025105   23.05  SERIAL     84.1
CSV,f04/z9,9,529,0,44481,1025105,23.0459,42441,362774
     f04/z10    10      2116             0       203633       524439    2.58  SERIAL     96.2
CSV,f04/z10,10,2116,0,203633,524439,2.5754,165513,415006
     f04/z11    11      8281             0       840422       759870    0.90     PAR    101.5
CSV,f04/z11,11,8281,0,840422,759870,0.9042,687200,719190
     f04/z12    12     32761             0      3447801      2179340    0.63     PAR    105.2
CSV,f04/z12,12,32761,0,3447801,2179340,0.6321,3025023,2039578
      f01/z8     8        25             0         4490       143403   31.94  SERIAL    179.6
CSV,f01/z8,8,25,0,4490,143403,31.9383,4350,56681
      f01/z9     9        81             0         9300       553891   59.56  SERIAL    114.8
CSV,f01/z9,9,81,0,9300,553891,59.5582,8990,450156
     f01/z10    10       289             0        25300       816632   32.28  SERIAL     87.5
CSV,f01/z10,10,289,0,25300,816632,32.2779,25050,389015
     f01/z11    11      1089             0        88681      1247579   14.07  SERIAL     81.4
CSV,f01/z11,11,1089,0,88681,1247579,14.0682,86111,490226
     f01/z12    12      4225             0       492263       703086    1.43  SERIAL    116.5
CSV,f01/z12,12,4225,0,492263,703086,1.4283,344155,577464
     f01/z13    13     16641             0      2074200      1376304    0.66     PAR    124.6
CSV,f01/z13,13,16641,0,2074200,1376304,0.6635,1504551,1218497
  natural/z6     6       289         27522       152402       946894    6.21  SERIAL    527.3
CSV,natural/z6,6,289,27522,152402,946894,6.2131,139802,552798
  natural/z8     8       289             0        25020      1011545   40.43  SERIAL     86.6
CSV,natural/z8,8,289,0,25020,1011545,40.4295,24750,508645
 natural/z10    10       289             0        25771       925973   35.93  SERIAL     89.2
CSV,natural/z10,10,289,0,25771,925973,35.9308,25120,709901
