bundle: /tmp/tessera-bench/fixtures/2422486/categories-archive
grant mode: random (bench GrantShape::Random, default) (w=10), reps=25, max_tiles=131072

grant contiguity (universe 2422486 rows): entity-space card=1158985 cov=47.8428% containers=25 run_ratio=16791.505 | row-space card=1158985 cov=47.8428% containers=37 run_ratio=5.230
GRANT,2422486,1158985,25,16791.505210,1158985,37,5.229596,21|34|25|29|11|27|4|2|6|17

       shape  zoom     tiles   rows_in_rng    serial_ns       par_ns   ratio  winner  ns/tile
--------------------------------------------------------------------------------------------------------
CSV,shape,zoom,tiles,rows,serial_p50_ns,par_p50_ns,ratio,serial_p10_ns,par_p10_ns
     f100/z2     2        16       2422486      2644465      1524976    0.58     PAR 165279.1
CSV,f100/z2,2,16,2422486,2644465,1524976,0.5767,2455643,1470036
     f100/z3     3        64       2422486      2553395      1266701    0.50     PAR  39896.8
CSV,f100/z3,3,64,2422486,2553395,1266701,0.4961,2495654,1151188
     f100/z4     4       256       2422486      3193146      1221101    0.38     PAR  12473.2
CSV,f100/z4,4,256,2422486,3193146,1221101,0.3824,2954336,1114285
     f100/z5     5      1024       2422486      5267893      1825222    0.35     PAR   5144.4
CSV,f100/z5,5,1024,2422486,5267893,1825222,0.3465,4931855,1676719
     f100/z6     6      4096       2422486     10585302      3170384    0.30     PAR   2584.3
CSV,f100/z6,6,4096,2422486,10585302,3170384,0.2995,10346019,2916503
     f100/z7     7     16384       2422486     23038689      5668919    0.25     PAR   1406.2
CSV,f100/z7,7,16384,2422486,23038689,5668919,0.2461,22368043,4860695
     f100/z8     8     65536       2422486     52708214     15131724    0.29     PAR    804.3
CSV,f100/z8,8,65536,2422486,52708214,15131724,0.2871,52130923,12114974
      f35/z4     4        36        275603       435588       634841    1.46  SERIAL  12099.7
CSV,f35/z4,4,36,275603,435588,634841,1.4574,427737,604619
      f35/z5     5       144        275603       710672      1074529    1.51  SERIAL   4935.2
CSV,f35/z5,5,144,275603,710672,1074529,1.5120,696622,920486
      f35/z6     6       529        249405      1231301      1209794    0.98     PAR   2327.6
CSV,f35/z6,6,529,249405,1231301,1209794,0.9825,1199251,1044519
      f35/z7     7      2116        249405      2877740      1723480    0.60     PAR   1360.0
CSV,f35/z7,7,2116,249405,2877740,1723480,0.5989,2763429,1204862
      f35/z8     8      8281        242221      6737078      2638021    0.39     PAR    813.6
CSV,f35/z8,8,8281,242221,6737078,2638021,0.3916,6560906,1928433
      f35/z9     9     33124        242221     17557388      4735898    0.27     PAR    530.1
CSV,f35/z9,9,33124,242221,17557388,4735898,0.2697,17413675,4076992
     f35/z10    10    131769   (skipped: above --max-tiles)
      f12/z5     5        25           125         6040       159782   26.45  SERIAL    241.6
CSV,f12/z5,5,25,125,6040,159782,26.4540,5830,63712
      f12/z6     6        81            43         9650       566790   58.73  SERIAL    119.1
CSV,f12/z6,6,81,43,9650,566790,58.7347,9510,517475
      f12/z7     7       289            43        25680      1027188   40.00  SERIAL     88.9
CSV,f12/z7,7,289,43,25680,1027188,39.9995,24910,558410
      f12/z8     8      1089            43        88111      1267583   14.39  SERIAL     80.9
CSV,f12/z8,8,1089,43,88111,1267583,14.3862,85351,626730
      f12/z9     9      4225            43       370707       590562    1.59  SERIAL     87.7
CSV,f12/z9,9,4225,43,370707,590562,1.5931,334216,542320
     f12/z10    10     16641            43      1851772      1269907    0.69     PAR    111.3
CSV,f12/z10,10,16641,43,1851772,1269907,0.6858,1466156,1195790
     f12/z11    11     66049            43      6399147      3860568    0.60     PAR     96.9
CSV,f12/z11,11,66049,43,6399147,3860568,0.6033,6134378,3781595
      f04/z7     7        36             0         5841       349883   59.90  SERIAL    162.2
CSV,f04/z7,7,36,0,5841,349883,59.9012,5371,311510
      f04/z8     8       144             0        14362       905356   63.04  SERIAL     99.7
CSV,f04/z8,8,144,0,14362,905356,63.0383,14231,687116
      f04/z9     9       529             0        44624      1094555   24.53  SERIAL     84.4
CSV,f04/z9,9,529,0,44624,1094555,24.5284,42754,596579
     f04/z10    10      2116             0       170616      1234968    7.24  SERIAL     80.6
CSV,f04/z10,10,2116,0,170616,1234968,7.2383,165346,478095
     f04/z11    11      8281             0      1013437       843769    0.83     PAR    122.4
CSV,f04/z11,11,8281,0,1013437,843769,0.8326,714859,717239
     f04/z12    12     32761             0      3190365      2111587    0.66     PAR     97.4
CSV,f04/z12,12,32761,0,3190365,2111587,0.6619,3012408,2010642
      f01/z8     8        25             0         4510       150625   33.40  SERIAL    180.4
CSV,f01/z8,8,25,0,4510,150625,33.3980,4430,63226
      f01/z9     9        81             0         9551       596890   62.50  SERIAL    117.9
CSV,f01/z9,9,81,0,9551,596890,62.4950,9331,544903
     f01/z10    10       289             0        25063      1071248   42.74  SERIAL     86.7
CSV,f01/z10,10,289,0,25063,1071248,42.7422,24863,761783
     f01/z11    11      1089             0        93569      1332907   14.25  SERIAL     85.9
CSV,f01/z11,11,1089,0,93569,1332907,14.2452,87099,446209
     f01/z12    12      4225             0       373566       814848    2.18  SERIAL     88.4
CSV,f01/z12,12,4225,0,373566,814848,2.1813,346403,556059
     f01/z13    13     16641             0      1964560      1339127    0.68     PAR    118.1
CSV,f01/z13,13,16641,0,1964560,1339127,0.6816,1545577,1196593
  natural/z6     6       289         27522       177547      1183622    6.67  SERIAL    614.3
CSV,natural/z6,6,289,27522,177547,1183622,6.6665,165926,939137
  natural/z8     8       289             0        25112       944129   37.60  SERIAL     86.9
CSV,natural/z8,8,289,0,25112,944129,37.5967,24592,641481
 natural/z10    10       289             0        26103      1044960   40.03  SERIAL     90.3
CSV,natural/z10,10,289,0,26103,1044960,40.0322,24962,697767
