bundle: /tmp/tessera-bench/fixtures/2422486/categories-archive
grant mode: spread (deterministic, --sparse) (w=10), reps=25, max_tiles=131072

grant contiguity (universe 2422486 rows): entity-space card=929590 cov=38.3734% containers=23 run_ratio=3793.873 | row-space card=929590 cov=38.3734% containers=37 run_ratio=3.386
GRANT,2422486,929590,23,3793.872875,929590,37,3.386025,21|12|35|19|17|27|28|8|9|24

       shape  zoom     tiles   rows_in_rng    serial_ns       par_ns   ratio  winner  ns/tile
--------------------------------------------------------------------------------------------------------
CSV,shape,zoom,tiles,rows,serial_p50_ns,par_p50_ns,ratio,serial_p10_ns,par_p10_ns
     f100/z2     2        16       2422486      2537703      1657195    0.65     PAR 158606.4
CSV,f100/z2,2,16,2422486,2537703,1657195,0.6530,2466178,1564793
     f100/z3     3        64       2422486      2606963      1334199    0.51     PAR  40733.8
CSV,f100/z3,3,64,2422486,2606963,1334199,0.5118,2561545,1232448
     f100/z4     4       256       2422486      4277327      1938359    0.45     PAR  16708.3
CSV,f100/z4,4,256,2422486,4277327,1938359,0.4532,3377858,1359469
     f100/z5     5      1024       2422486      6235394      2413313    0.39     PAR   6089.3
CSV,f100/z5,5,1024,2422486,6235394,2413313,0.3870,5806186,2223482
     f100/z6     6      4096       2422486     12069884      8763857    0.73     PAR   2946.7
CSV,f100/z6,6,4096,2422486,12069884,8763857,0.7261,10938690,4460099
     f100/z7     7     16384       2422486     28629914      8892606    0.31     PAR   1747.4
CSV,f100/z7,7,16384,2422486,28629914,8892606,0.3106,26003395,6946477
     f100/z8     8     65536       2422486     60239811     28023590    0.47     PAR    919.2
CSV,f100/z8,8,65536,2422486,60239811,28023590,0.4652,54369476,15409925
      f35/z4     4        36        275603       300536       569601    1.90  SERIAL   8348.2
CSV,f35/z4,4,36,275603,300536,569601,1.8953,295845,555200
      f35/z5     5       144        275603       493939      1038910    2.10  SERIAL   3430.1
CSV,f35/z5,5,144,275603,493939,1038910,2.1033,482679,789108
      f35/z6     6       529        249405       829196      1157143    1.40  SERIAL   1567.5
CSV,f35/z6,6,529,249405,829196,1157143,1.3955,816036,835086
      f35/z7     7      2116        249405      2091850      1505168    0.72     PAR    988.6
CSV,f35/z7,7,2116,249405,2091850,1505168,0.7195,1992699,1075781
      f35/z8     8      8281        242221      5442719      2001009    0.37     PAR    657.3
CSV,f35/z8,8,8281,242221,5442719,2001009,0.3676,5368673,1752334
      f35/z9     9     33124        242221     14699315      3974526    0.27     PAR    443.8
CSV,f35/z9,9,33124,242221,14699315,3974526,0.2704,14420890,3699811
     f35/z10    10    131769   (skipped: above --max-tiles)
      f12/z5     5        25           125         7340       172874   23.55  SERIAL    293.6
CSV,f12/z5,5,25,125,7340,172874,23.5523,7131,77426
      f12/z6     6        81            43        13140       588061   44.75  SERIAL    162.2
CSV,f12/z6,6,81,43,13140,588061,44.7535,11230,212274
      f12/z7     7       289            43        29631       398462   13.45  SERIAL    102.5
CSV,f12/z7,7,289,43,29631,398462,13.4475,27610,255716
      f12/z8     8      1089            43        96802       489130    5.05  SERIAL     88.9
CSV,f12/z8,8,1089,43,96802,489130,5.0529,88261,330817
      f12/z9     9      4225            43       402537       525290    1.30  SERIAL     95.3
CSV,f12/z9,9,4225,43,402537,525290,1.3049,342757,445203
     f12/z10    10     16641            43      2115409      1417476    0.67     PAR    127.1
CSV,f12/z10,10,16641,43,2115409,1417476,0.6701,1725863,1165002
     f12/z11    11     66049            43      6713799      4442853    0.66     PAR    101.6
CSV,f12/z11,11,66049,43,6713799,4442853,0.6617,6333146,3960368
      f04/z7     7        36             0         3430        14331    4.18  SERIAL     95.3
CSV,f04/z7,7,36,0,3430,14331,4.1781,3240,10730
      f04/z8     8       144             0        16010        29940    1.87  SERIAL    111.2
CSV,f04/z8,8,144,0,16010,29940,1.8701,15830,26021
      f04/z9     9       529             0        43501       182108    4.19  SERIAL     82.2
CSV,f04/z9,9,529,0,43501,182108,4.1863,40060,44020
     f04/z10    10      2116             0       249865       379437    1.52  SERIAL    118.1
CSV,f04/z10,10,2116,0,249865,379437,1.5186,166923,314576
     f04/z11    11      8281             0       724944       638132    0.88     PAR     87.5
CSV,f04/z11,11,8281,0,724944,638132,0.8803,671723,562260
     f04/z12    12     32761             0      3232933      2217463    0.69     PAR     98.7
CSV,f04/z12,12,32761,0,3232933,2217463,0.6859,3091879,2023767
      f01/z8     8        25             0         3100        14490    4.67  SERIAL    124.0
CSV,f01/z8,8,25,0,3100,14490,4.6742,3040,9390
      f01/z9     9        81             0         6590        20150    3.06  SERIAL     81.4
CSV,f01/z9,9,81,0,6590,20150,3.0577,6500,16960
     f01/z10    10       289             0        22160        36441    1.64  SERIAL     76.7
CSV,f01/z10,10,289,0,22160,36441,1.6444,22061,31491
     f01/z11    11      1089             0        87291       129872    1.49  SERIAL     80.2
CSV,f01/z11,11,1089,0,87291,129872,1.4878,83152,81661
     f01/z12    12      4225             0       444589       469191    1.06  SERIAL    105.2
CSV,f01/z12,12,4225,0,444589,469191,1.0553,341256,361797
     f01/z13    13     16641             0      1615911      1222923    0.76     PAR     97.1
CSV,f01/z13,13,16641,0,1615911,1222923,0.7568,1518050,1116411
  natural/z6     6       289         27522        91962       204704    2.23  SERIAL    318.2
CSV,natural/z6,6,289,27522,91962,204704,2.2260,79591,146583
  natural/z8     8       289             0        24211        81991    3.39  SERIAL     83.8
CSV,natural/z8,8,289,0,24211,81991,3.3865,22380,40080
 natural/z10    10       289             0        22190        33920    1.53  SERIAL     76.8
CSV,natural/z10,10,289,0,22190,33920,1.5286,22030,27141
