bundle: /tmp/tessera-bench/fixtures/2422486/surnames
grant mode: random (bench GrantShape::Random, default) (w=10), reps=25, max_tiles=131072

grant contiguity (universe 2422486 rows): entity-space card=123 cov=0.0051% containers=22 run_ratio=2.674 | row-space card=123 cov=0.0051% containers=25 run_ratio=1.025
GRANT,2422486,123,22,2.673777,123,25,1.024948,95993|201030|58833|365348|40676|396396|164018|284753|354217|304269

       shape  zoom     tiles   rows_in_rng    serial_ns       par_ns   ratio  winner  ns/tile
--------------------------------------------------------------------------------------------------------
CSV,shape,zoom,tiles,rows,serial_p50_ns,par_p50_ns,ratio,serial_p10_ns,par_p10_ns
     f100/z2     2        16       2422486        15461       181642   11.75  SERIAL    966.3
CSV,f100/z2,2,16,2422486,15461,181642,11.7484,13940,176072
     f100/z3     3        64       2422486        32291       617020   19.11  SERIAL    504.5
CSV,f100/z3,3,64,2422486,32291,617020,19.1081,31111,542559
     f100/z4     4       256       2422486        70971       906534   12.77  SERIAL    277.2
CSV,f100/z4,4,256,2422486,70971,906534,12.7733,68041,405746
     f100/z5     5      1024       2422486       172193      1170929    6.80  SERIAL    168.2
CSV,f100/z5,5,1024,2422486,172193,1170929,6.8001,167493,445975
     f100/z6     6      4096       2422486       600149       767188    1.28  SERIAL    146.5
CSV,f100/z6,6,4096,2422486,600149,767188,1.2783,518398,657915
     f100/z7     7     16384       2422486      2202669      1654346    0.75     PAR    134.4
CSV,f100/z7,7,16384,2422486,2202669,1654346,0.7511,1861018,1448892
     f100/z8     8     65536       2422486      7599135      4788619    0.63     PAR    116.0
CSV,f100/z8,8,65536,2422486,7599135,4788619,0.6302,7068047,4547570
      f35/z4     4        36        275603        13810       330936   23.96  SERIAL    383.6
CSV,f35/z4,4,36,275603,13810,330936,23.9635,13520,303554
      f35/z5     5       144        275603        28110       962583   34.24  SERIAL    195.2
CSV,f35/z5,5,144,275603,28110,962583,34.2434,27010,695073
      f35/z6     6       529        249405        67441      1038785   15.40  SERIAL    127.5
CSV,f35/z6,6,529,249405,67441,1038785,15.4029,62391,404946
      f35/z7     7      2116        249405       231214       817202    3.53  SERIAL    109.3
CSV,f35/z7,7,2116,249405,231214,817202,3.5344,204363,477973
      f35/z8     8      8281        242221      1003284       828173    0.83     PAR    121.2
CSV,f35/z8,8,8281,242221,1003284,828173,0.8255,776092,758427
      f35/z9     9     33124        242221      3263640      2146887    0.66     PAR     98.5
CSV,f35/z9,9,33124,242221,3263640,2146887,0.6578,3109307,2062992
     f35/z10    10    131769   (skipped: above --max-tiles)
      f12/z5     5        25           125         5350       146272   27.34  SERIAL    214.0
CSV,f12/z5,5,25,125,5350,146272,27.3406,4560,59311
      f12/z6     6        81            43         9520       554688   58.27  SERIAL    117.5
CSV,f12/z6,6,81,43,9520,554688,58.2655,9280,491052
      f12/z7     7       289            43        25380      1055386   41.58  SERIAL     87.8
CSV,f12/z7,7,289,43,25380,1055386,41.5834,24410,764181
      f12/z8     8      1089            43        88542      1176809   13.29  SERIAL     81.3
CSV,f12/z8,8,1089,43,88542,1176809,13.2910,85522,446093
      f12/z9     9      4225            43       361466       749280    2.07  SERIAL     85.6
CSV,f12/z9,9,4225,43,361466,749280,2.0729,335575,524287
     f12/z10    10     16641            43      1653106      1261001    0.76     PAR     99.3
CSV,f12/z10,10,16641,43,1653106,1261001,0.7628,1448022,1175448
     f12/z11    11     66049            43      6721129      3825467    0.57     PAR    101.8
CSV,f12/z11,11,66049,43,6721129,3825467,0.5692,6138663,3708224
      f04/z7     7        36             0         5920       298875   50.49  SERIAL    164.4
CSV,f04/z7,7,36,0,5920,298875,50.4856,5700,268023
      f04/z8     8       144             0        14240       955043   67.07  SERIAL     98.9
CSV,f04/z8,8,144,0,14240,955043,67.0676,14140,774483
      f04/z9     9       529             0        46311       744203   16.07  SERIAL     87.5
CSV,f04/z9,9,529,0,46311,744203,16.0697,42861,335525
     f04/z10    10      2116             0       200583       745621    3.72  SERIAL     94.8
CSV,f04/z10,10,2116,0,200583,745621,3.7173,166513,401386
     f04/z11    11      8281             0       871413       793276    0.91     PAR    105.2
CSV,f04/z11,11,8281,0,871413,793276,0.9103,697761,706901
     f04/z12    12     32761             0      3115622      2090591    0.67     PAR     95.1
CSV,f04/z12,12,32761,0,3115622,2090591,0.6710,3003365,2020360
      f01/z8     8        25             0         4450       143892   32.34  SERIAL    178.0
CSV,f01/z8,8,25,0,4450,143892,32.3353,4360,58967
      f01/z9     9        81             0         9270       574060   61.93  SERIAL    114.4
CSV,f01/z9,9,81,0,9270,574060,61.9266,9070,438531
     f01/z10    10       289             0        24941      1003996   40.25  SERIAL     86.3
CSV,f01/z10,10,289,0,24941,1003996,40.2548,24620,737026
     f01/z11    11      1089             0        87891      1120948   12.75  SERIAL     80.7
CSV,f01/z11,11,1089,0,87891,1120948,12.7538,85941,399191
     f01/z12    12      4225             0       381966       770391    2.02  SERIAL     90.4
CSV,f01/z12,12,4225,0,381966,770391,2.0169,348165,565889
     f01/z13    13     16641             0      1910719      1282729    0.67     PAR    114.8
CSV,f01/z13,13,16641,0,1910719,1282729,0.6713,1518453,1216848
  natural/z6     6       289         27522        30170      1076675   35.69  SERIAL    104.4
CSV,natural/z6,6,289,27522,30170,1076675,35.6869,28581,632219
  natural/z8     8       289             0        24940       996274   39.95  SERIAL     86.3
CSV,natural/z8,8,289,0,24940,996274,39.9468,24380,555948
 natural/z10    10       289             0        25000       939914   37.60  SERIAL     86.5
CSV,natural/z10,10,289,0,25000,939914,37.5966,24750,508307
