bundle: /tmp/tessera-bench/fixtures/2422486/categories-archive
grant mode: coverage-matched (random, --target-coverage 0.25) (w=5), dictionary=38, reps=25, max_tiles=131072

grant contiguity (universe 2422486 rows): entity-space card=786122 cov=32.4510% containers=22 run_ratio=6896.327 | row-space card=786122 cov=32.4510% containers=37 run_ratio=4.030
GRANT,2422486,786122,22,6896.327314,786122,37,4.029849,21|34|25|29|11

       shape  zoom     tiles   rows_in_rng    serial_ns       par_ns   ratio  winner  ns/tile
--------------------------------------------------------------------------------------------------------
CSV,shape,zoom,tiles,rows,serial_p50_ns,par_p50_ns,ratio,serial_p10_ns,par_p10_ns
     f100/z2     2        16       2422486      2001791      1397221    0.70     PAR 125111.9
CSV,f100/z2,2,16,2422486,2001791,1397221,0.6980,1875165,1320268
     f100/z3     3        64       2422486      1946468      1150316    0.59     PAR  30413.6
CSV,f100/z3,3,64,2422486,1946468,1150316,0.5910,1913279,1030098
     f100/z4     4       256       2422486      2495229      1160156    0.46     PAR   9747.0
CSV,f100/z4,4,256,2422486,2495229,1160156,0.4649,2397706,992704
     f100/z5     5      1024       2422486      4082200      1542040    0.38     PAR   3986.5
CSV,f100/z5,5,1024,2422486,4082200,1542040,0.3777,4003841,1340547
     f100/z6     6      4096       2422486      8615228      2668318    0.31     PAR   2103.3
CSV,f100/z6,6,4096,2422486,8615228,2668318,0.3097,8353894,2218472
     f100/z7     7     16384       2422486     21282939      5458400    0.26     PAR   1299.0
CSV,f100/z7,7,16384,2422486,21282939,5458400,0.2565,20700260,4882375
     f100/z8     8     65536       2422486     50365857     11202004    0.22     PAR    768.5
CSV,f100/z8,8,65536,2422486,50365857,11202004,0.2224,49691697,10439792
      f35/z4     4        36        275603       254244       506258    1.99  SERIAL   7062.3
CSV,f35/z4,4,36,275603,254244,506258,1.9912,245904,487497
      f35/z5     5       144        275603       439416       941685    2.14  SERIAL   3051.5
CSV,f35/z5,5,144,275603,439416,941685,2.1430,432956,731752
      f35/z6     6       529        249405       805592      1098166    1.36  SERIAL   1522.9
CSV,f35/z6,6,529,249405,805592,1098166,1.3632,775762,837445
      f35/z7     7      2116        249405      2019900      1461181    0.72     PAR    954.6
CSV,f35/z7,7,2116,249405,2019900,1461181,0.7234,1944908,1341749
      f35/z8     8      8281        242221      5209676      2281122    0.44     PAR    629.1
CSV,f35/z8,8,8281,242221,5209676,2281122,0.4379,4969681,1688125
      f35/z9     9     33124        242221     14791776      3881385    0.26     PAR    446.6
CSV,f35/z9,9,33124,242221,14791776,3881385,0.2624,14528712,3567102
     f35/z10    10    131769   (skipped: above --max-tiles)
      f12/z5     5        25           125         6480       143912   22.21  SERIAL    259.2
CSV,f12/z5,5,25,125,6480,143912,22.2086,5600,59782
      f12/z6     6        81            43         9650       572529   59.33  SERIAL    119.1
CSV,f12/z6,6,81,43,9650,572529,59.3294,9590,441085
      f12/z7     7       289            43        25031       969713   38.74  SERIAL     86.6
CSV,f12/z7,7,289,43,25031,969713,38.7405,24720,360215
      f12/z8     8      1089            43        90041       807886    8.97  SERIAL     82.7
CSV,f12/z8,8,1089,43,90041,807886,8.9724,85051,358716
      f12/z9     9      4225            43       450376       725937    1.61  SERIAL    106.6
CSV,f12/z9,9,4225,43,450376,725937,1.6118,335165,524848
     f12/z10    10     16641            43      1756416      1252967    0.71     PAR    105.5
CSV,f12/z10,10,16641,43,1756416,1252967,0.7134,1470351,1137546
     f12/z11    11     66049            43      6376070      3865166    0.61     PAR     96.5
CSV,f12/z11,11,66049,43,6376070,3865166,0.6062,6126989,3693128
      f04/z7     7        36             0         6050       299956   49.58  SERIAL    168.1
CSV,f04/z7,7,36,0,6050,299956,49.5795,5620,222974
      f04/z8     8       144             0        14410       895782   62.16  SERIAL    100.1
CSV,f04/z8,8,144,0,14410,895782,62.1639,14190,580242
      f04/z9     9       529             0        44961       951755   21.17  SERIAL     85.0
CSV,f04/z9,9,529,0,44961,951755,21.1685,42781,386806
     f04/z10    10      2116             0       181053       930313    5.14  SERIAL     85.6
CSV,f04/z10,10,2116,0,181053,930313,5.1383,163932,424846
     f04/z11    11      8281             0      1019935       793812    0.78     PAR    123.2
CSV,f04/z11,11,8281,0,1019935,793812,0.7783,693870,691050
     f04/z12    12     32761             0      3127035      2130668    0.68     PAR     95.4
CSV,f04/z12,12,32761,0,3127035,2130668,0.6814,2983613,2017211
      f01/z8     8        25             0         4400       143822   32.69  SERIAL    176.0
CSV,f01/z8,8,25,0,4400,143822,32.6868,4360,60311
      f01/z9     9        81             0         9440       568998   60.28  SERIAL    116.5
CSV,f01/z9,9,81,0,9440,568998,60.2752,9340,526879
     f01/z10    10       289             0        25131       917673   36.52  SERIAL     87.0
CSV,f01/z10,10,289,0,25131,917673,36.5156,24850,568199
     f01/z11    11      1089             0        89571      1106597   12.35  SERIAL     82.3
CSV,f01/z11,11,1089,0,89571,1106597,12.3544,85962,482772
     f01/z12    12      4225             0       373166       599458    1.61  SERIAL     88.3
CSV,f01/z12,12,4225,0,373166,599458,1.6064,346575,523118
     f01/z13    13     16641             0      1614064      1290029    0.80     PAR     97.0
CSV,f01/z13,13,16641,0,1614064,1290029,0.7992,1462992,1208968
  natural/z6     6       289         27522        88912       915614   10.30  SERIAL    307.7
CSV,natural/z6,6,289,27522,88912,915614,10.2980,84581,516258
  natural/z8     8       289             0        24900       831442   33.39  SERIAL     86.2
CSV,natural/z8,8,289,0,24900,831442,33.3912,24600,601690
 natural/z10    10       289             0        25281       943833   37.33  SERIAL     87.5
CSV,natural/z10,10,289,0,25281,943833,37.3337,24820,557678
