bundle: /home/joe/code/tessera/data/bench-fixtures/2m4
grant mode: coverage-matched (random, --target-coverage 0.25) (w=19), dictionary=176, reps=25, max_tiles=131072

grant contiguity (universe 2422486 rows): entity-space card=676459 cov=27.9242% containers=37 run_ratio=118.111 | row-space card=676459 cov=27.9242% containers=37 run_ratio=1.889
GRANT,2422486,676459,37,118.111306,676459,37,1.888968,65|17|77|79|45|76|53|97|51|20|120|23|62|15|118|147|102|1|110

       shape  zoom     tiles   rows_in_rng    serial_ns       par_ns   ratio  winner  ns/tile
--------------------------------------------------------------------------------------------------------
CSV,shape,zoom,tiles,rows,serial_p50_ns,par_p50_ns,ratio,serial_p10_ns,par_p10_ns
     f100/z2     2        16       2422486      1782017      1136437    0.64     PAR 111376.1
CSV,f100/z2,2,16,2422486,1782017,1136437,0.6377,1694376,1044896
     f100/z3     3        64       2422486      2023591      1126427    0.56     PAR  31618.6
CSV,f100/z3,3,64,2422486,2023591,1126427,0.5566,1920428,1008395
     f100/z4     4       256       2422486      2825103      1227586    0.43     PAR  11035.6
CSV,f100/z4,4,256,2422486,2825103,1227586,0.4345,2635719,1116787
     f100/z5     5      1024       2422486      4582180      1555464    0.34     PAR   4474.8
CSV,f100/z5,5,1024,2422486,4582180,1555464,0.3395,4471186,1426382
     f100/z6     6      4096       2422486      9470624      2536787    0.27     PAR   2312.2
CSV,f100/z6,6,4096,2422486,9470624,2536787,0.2679,9267210,2306435
     f100/z7     7     16384       2422486     24893866      7004155    0.28     PAR   1519.4
CSV,f100/z7,7,16384,2422486,24893866,7004155,0.2814,24469648,6212454
     f100/z8     8     65536       2422486     54880581     11687222    0.21     PAR    837.4
CSV,f100/z8,8,65536,2422486,54880581,11687222,0.2130,54349777,10936526
      f35/z4     4        36        275603       209535       484785    2.31  SERIAL   5820.4
CSV,f35/z4,4,36,275603,209535,484785,2.3136,205945,471020
      f35/z5     5       144        275603       379239       965813    2.55  SERIAL   2633.6
CSV,f35/z5,5,144,275603,379239,965813,2.5467,374088,820599
      f35/z6     6       529        249405       691155      1023673    1.48  SERIAL   1306.5
CSV,f35/z6,6,529,249405,691155,1023673,1.4811,681575,819269
      f35/z7     7      2116        249405      1841236      1393677    0.76     PAR    870.1
CSV,f35/z7,7,2116,249405,1841236,1393677,0.7569,1797070,986777
      f35/z8     8      8281        242221      4776812      2131543    0.45     PAR    576.8
CSV,f35/z8,8,8281,242221,4776812,2131543,0.4462,4632623,1404935
      f35/z9     9     33124        242221     14333625      4368788    0.30     PAR    432.7
CSV,f35/z9,9,33124,242221,14333625,4368788,0.3048,14160506,3543554
     f35/z10    10    131769   (skipped: above --max-tiles)
      f12/z5     5        25           125         6861       153734   22.41  SERIAL    274.4
CSV,f12/z5,5,25,125,6861,153734,22.4069,5840,65012
      f12/z6     6        81            43         9541       575173   60.28  SERIAL    117.8
CSV,f12/z6,6,81,43,9541,575173,60.2844,9451,459541
      f12/z7     7       289            43        24951       920240   36.88  SERIAL     86.3
CSV,f12/z7,7,289,43,24951,920240,36.8819,24760,607288
      f12/z8     8      1089            43        92422      1047853   11.34  SERIAL     84.9
CSV,f12/z8,8,1089,43,92422,1047853,11.3377,84982,390959
      f12/z9     9      4225            43       496961       609474    1.23  SERIAL    117.6
CSV,f12/z9,9,4225,43,496961,609474,1.2264,341217,520921
     f12/z10    10     16641            43      1595797      1235517    0.77     PAR     95.9
CSV,f12/z10,10,16641,43,1595797,1235517,0.7742,1455622,1191077
     f12/z11    11     66049            43      6176378      3754940    0.61     PAR     93.5
CSV,f12/z11,11,66049,43,6176378,3754940,0.6080,6065752,3663527
      f04/z7     7        36             0         5901       333267   56.48  SERIAL    163.9
CSV,f04/z7,7,36,0,5901,333267,56.4764,5280,266335
      f04/z8     8       144             0        14850       897011   60.40  SERIAL    103.1
CSV,f04/z8,8,144,0,14850,897011,60.4048,13980,742655
      f04/z9     9       529             0        44741       740955   16.56  SERIAL     84.6
CSV,f04/z9,9,529,0,44741,740955,16.5610,42301,385559
     f04/z10    10      2116             0       188974      1298159    6.87  SERIAL     89.3
CSV,f04/z10,10,2116,0,188974,1298159,6.8695,167414,451870
     f04/z11    11      8281             0       868689       806254    0.93     PAR    104.9
CSV,f04/z11,11,8281,0,868689,806254,0.9281,710606,702336
     f04/z12    12     32761             0      3061689      2130766    0.70     PAR     93.5
CSV,f04/z12,12,32761,0,3061689,2130766,0.6959,3019508,2015314
      f01/z8     8        25             0         5090       142703   28.04  SERIAL    203.6
CSV,f01/z8,8,25,0,5090,142703,28.0360,4400,60232
      f01/z9     9        81             0         9350       537281   57.46  SERIAL    115.4
CSV,f01/z9,9,81,0,9350,537281,57.4632,9010,449379
     f01/z10    10       289             0        25221       975021   38.66  SERIAL     87.3
CSV,f01/z10,10,289,0,25221,975021,38.6591,24821,636614
     f01/z11    11      1089             0        89302      1268658   14.21  SERIAL     82.0
CSV,f01/z11,11,1089,0,89302,1268658,14.2064,86032,387728
     f01/z12    12      4225             0       464501       571891    1.23  SERIAL    109.9
CSV,f01/z12,12,4225,0,464501,571891,1.2312,344828,527027
     f01/z13    13     16641             0      1623592      1313943    0.81     PAR     97.6
CSV,f01/z13,13,16641,0,1623592,1313943,0.8093,1475583,1209142
  natural/z6     6       289         27522        79622       867679   10.90  SERIAL    275.5
CSV,natural/z6,6,289,27522,79622,867679,10.8975,76482,592512
  natural/z8     8       289             0        24930       942001   37.79  SERIAL     86.3
CSV,natural/z8,8,289,0,24930,942001,37.7858,24711,617438
 natural/z10    10       289             0        24941       967861   38.81  SERIAL     86.3
CSV,natural/z10,10,289,0,24941,967861,38.8060,24720,461079
